loci	common	aa_pos	of39
10	ND2	1	39
10	ND2	2	32
10	ND2	3	38
10	ND2	4	19
10	ND2	5	12
10	ND2	6	10
10	ND2	7	8
10	ND2	8	2
10	ND2	9	31
10	ND2	10	15
10	ND2	11	6
10	ND2	12	33
10	ND2	13	12
10	ND2	14	14
10	ND2	15	7
10	ND2	16	37
10	ND2	17	36
10	ND2	18	14
10	ND2	19	30
10	ND2	20	22
10	ND2	21	6
10	ND2	22	12
10	ND2	23	38
10	ND2	24	32
10	ND2	25	36
10	ND2	26	36
10	ND2	27	10
10	ND2	28	7
10	ND2	29	7
10	ND2	30	39
10	ND2	31	10
10	ND2	32	38
10	ND2	33	24
10	ND2	34	39
10	ND2	35	30
10	ND2	36	34
10	ND2	37	23
10	ND2	38	36
10	ND2	39	37
10	ND2	40	12
10	ND2	41	34
10	ND2	42	39
10	ND2	43	8
10	ND2	44	28
10	ND2	45	12
10	ND2	46	27
10	ND2	47	24
10	ND2	48	6
10	ND2	49	22
10	ND2	50	35
10	ND2	51	38
10	ND2	52	22
10	ND2	53	25
10	ND2	54	39
10	ND2	55	37
10	ND2	56	22
10	ND2	57	11
10	ND2	58	39
10	ND2	59	39
10	ND2	60	37
10	ND2	61	36
10	ND2	62	34
10	ND2	63	39
10	ND2	64	32
10	ND2	65	33
10	ND2	66	39
10	ND2	67	38
10	ND2	68	31
10	ND2	69	16
10	ND2	70	32
10	ND2	71	14
10	ND2	72	26
10	ND2	73	28
10	ND2	74	23
10	ND2	75	8
10	ND2	76	1
10	ND2	77	38
10	ND2	78	9
10	ND2	79	17
10	ND2	80	9
10	ND2	81	28
10	ND2	82	37
10	ND2	83	29
10	ND2	84	37
10	ND2	85	30
10	ND2	86	5
10	ND2	87	17
10	ND2	88	12
10	ND2	89	8
10	ND2	90	14
10	ND2	91	36
10	ND2	92	12
10	ND2	93	7
10	ND2	94	16
10	ND2	95	31
10	ND2	96	11
10	ND2	97	22
10	ND2	98	11
10	ND2	99	5
10	ND2	100	11
10	ND2	101	37
10	ND2	102	6
10	ND2	103	21
10	ND2	104	29
10	ND2	105	39
10	ND2	106	35
10	ND2	107	39
10	ND2	108	16
10	ND2	109	28
10	ND2	110	38
10	ND2	111	37
10	ND2	112	38
10	ND2	113	35
10	ND2	114	38
10	ND2	115	31
10	ND2	116	39
10	ND2	117	38
10	ND2	118	38
10	ND2	119	32
10	ND2	120	38
10	ND2	121	39
10	ND2	122	7
10	ND2	123	21
10	ND2	124	36
10	ND2	125	15
10	ND2	126	26
10	ND2	127	34
10	ND2	128	29
10	ND2	129	13
10	ND2	130	38
10	ND2	131	35
10	ND2	132	39
10	ND2	133	38
10	ND2	134	38
10	ND2	135	39
10	ND2	136	29
10	ND2	137	36
10	ND2	138	39
10	ND2	139	12
10	ND2	140	33
10	ND2	141	26
10	ND2	142	10
10	ND2	143	30
10	ND2	144	35
10	ND2	145	28
10	ND2	146	20
10	ND2	147	25
10	ND2	148	27
10	ND2	149	12
10	ND2	150	36
10	ND2	151	5
10	ND2	152	3
10	ND2	153	22
10	ND2	154	22
10	ND2	155	26
10	ND2	156	22
10	ND2	157	17
10	ND2	158	17
10	ND2	159	17
10	ND2	160	28
10	ND2	161	39
10	ND2	162	28
10	ND2	163	9
10	ND2	164	4
10	ND2	165	38
10	ND2	166	9
10	ND2	167	38
10	ND2	168	36
10	ND2	169	39
10	ND2	170	39
10	ND2	171	39
10	ND2	172	39
10	ND2	173	39
10	ND2	174	37
10	ND2	175	35
10	ND2	176	38
10	ND2	177	39
10	ND2	178	34
10	ND2	179	20
10	ND2	180	37
10	ND2	181	33
10	ND2	182	38
10	ND2	183	39
10	ND2	184	39
10	ND2	185	10
10	ND2	186	38
10	ND2	187	33
10	ND2	188	38
10	ND2	189	39
10	ND2	190	38
10	ND2	191	11
10	ND2	192	27
10	ND2	193	15
10	ND2	194	27
10	ND2	195	14
10	ND2	196	32
10	ND2	197	33
10	ND2	198	36
10	ND2	199	9
10	ND2	200	13
10	ND2	201	28
10	ND2	202	18
10	ND2	203	35
10	ND2	204	31
10	ND2	205	33
10	ND2	206	13
10	ND2	207	31
10	ND2	208	39
10	ND2	209	29
10	ND2	210	15
10	ND2	211	18
10	ND2	212	37
10	ND2	213	9
10	ND2	214	25
10	ND2	215	5
10	ND2	216	36
10	ND2	217	14
10	ND2	218	17
10	ND2	219	21
10	ND2	220	9
10	ND2	221	14
10	ND2	222	24
10	ND2	223	31
10	ND2	224	20
10	ND2	225	35
10	ND2	226	28
10	ND2	227	25
10	ND2	228	27
10	ND2	229	6
10	ND2	230	36
10	ND2	231	31
10	ND2	232	8
10	ND2	233	22
10	ND2	234	37
10	ND2	235	34
10	ND2	236	38
10	ND2	237	9
10	ND2	238	10
10	ND2	239	8
10	ND2	240	14
10	ND2	241	25
10	ND2	242	10
10	ND2	243	24
10	ND2	244	22
10	ND2	245	8
10	ND2	246	8
10	ND2	247	22
10	ND2	248	31
10	ND2	249	32
10	ND2	250	39
10	ND2	251	30
10	ND2	252	37
10	ND2	253	39
10	ND2	254	39
10	ND2	255	39
10	ND2	256	39
10	ND2	257	37
10	ND2	258	20
10	ND2	259	38
10	ND2	260	38
10	ND2	261	14
10	ND2	262	38
10	ND2	263	38
10	ND2	264	38
10	ND2	265	7
10	ND2	266	32
10	ND2	267	35
10	ND2	268	7
10	ND2	269	37
10	ND2	270	6
10	ND2	271	28
10	ND2	272	30
10	ND2	273	32
10	ND2	274	17
10	ND2	275	14
10	ND2	276	11
10	ND2	277	32
10	ND2	278	10
10	ND2	279	29
10	ND2	280	33
10	ND2	281	11
10	ND2	282	35
10	ND2	283	32
10	ND2	284	2
10	ND2	285	7
10	ND2	286	10
10	ND2	287	39
10	ND2	288	34
10	ND2	289	33
10	ND2	290	38
10	ND2	291	29
10	ND2	292	39
10	ND2	293	39
10	ND2	294	12
10	ND2	295	39
10	ND2	296	36
10	ND2	297	17
10	ND2	298	39
10	ND2	299	28
10	ND2	300	24
10	ND2	301	23
10	ND2	302	8
10	ND2	303	38
10	ND2	304	13
10	ND2	305	9
10	ND2	306	37
10	ND2	307	6
10	ND2	308	14
10	ND2	309	34
10	ND2	310	37
10	ND2	311	7
10	ND2	312	34
10	ND2	313	30
10	ND2	314	26
10	ND2	315	36
10	ND2	316	27
10	ND2	317	26
10	ND2	318	22
10	ND2	319	5
10	ND2	320	27
10	ND2	321	32
10	ND2	322	13
10	ND2	323	15
10	ND2	324	13
10	ND2	325	7
10	ND2	326	27
10	ND2	327	28
10	ND2	328	20
10	ND2	329	28
10	ND2	330	18
10	ND2	331	2
10	ND2	332	20
10	ND2	333	8
10	ND2	334	28
10	ND2	335	18
10	ND2	336	30
10	ND2	337	38
10	ND2	338	37
10	ND2	339	11
10	ND2	340	14
10	ND2	341	36
10	ND2	342	4
10	ND2	343	9
10	ND2	344	11
10	ND2	345	6
10	ND2	346	8
10	ND2	347	7
