loci	common	aa_pos	of39
16	CO1	1	38
16	CO1	2	38
16	CO1	3	33
16	CO1	4	5
16	CO1	5	7
16	CO1	6	38
16	CO1	7	39
16	CO1	8	38
16	CO1	9	36
16	CO1	10	39
16	CO1	11	39
16	CO1	12	39
16	CO1	13	39
16	CO1	14	39
16	CO1	15	39
16	CO1	16	39
16	CO1	17	39
16	CO1	18	39
16	CO1	19	39
16	CO1	20	39
16	CO1	21	37
16	CO1	22	32
16	CO1	23	39
16	CO1	24	39
16	CO1	25	36
16	CO1	26	39
16	CO1	27	39
16	CO1	28	39
16	CO1	29	8
16	CO1	30	7
16	CO1	31	39
16	CO1	32	38
16	CO1	33	33
16	CO1	34	38
16	CO1	35	39
16	CO1	36	34
16	CO1	37	39
16	CO1	38	39
16	CO1	39	39
16	CO1	40	36
16	CO1	41	39
16	CO1	42	39
16	CO1	43	36
16	CO1	44	38
16	CO1	45	39
16	CO1	46	39
16	CO1	47	9
16	CO1	48	39
16	CO1	49	35
16	CO1	50	37
16	CO1	51	9
16	CO1	52	39
16	CO1	53	10
16	CO1	54	36
16	CO1	55	39
16	CO1	56	39
16	CO1	57	39
16	CO1	58	30
16	CO1	59	39
16	CO1	60	39
16	CO1	61	38
16	CO1	62	39
16	CO1	63	39
16	CO1	64	39
16	CO1	65	34
16	CO1	66	39
16	CO1	67	39
16	CO1	68	39
16	CO1	69	39
16	CO1	70	38
16	CO1	71	39
16	CO1	72	39
16	CO1	73	39
16	CO1	74	36
16	CO1	75	37
16	CO1	76	37
16	CO1	77	39
16	CO1	78	39
16	CO1	79	39
16	CO1	80	39
16	CO1	81	39
16	CO1	82	39
16	CO1	83	39
16	CO1	84	37
16	CO1	85	39
16	CO1	86	39
16	CO1	87	39
16	CO1	88	38
16	CO1	89	39
16	CO1	90	39
16	CO1	91	39
16	CO1	92	39
16	CO1	93	39
16	CO1	94	39
16	CO1	95	39
16	CO1	96	39
16	CO1	97	39
16	CO1	98	37
16	CO1	99	39
16	CO1	100	39
16	CO1	101	39
16	CO1	102	39
16	CO1	103	39
16	CO1	104	39
16	CO1	105	38
16	CO1	106	39
16	CO1	107	38
16	CO1	108	39
16	CO1	109	38
16	CO1	110	5
16	CO1	111	36
16	CO1	112	39
16	CO1	113	39
16	CO1	114	34
16	CO1	115	35
16	CO1	116	39
16	CO1	117	8
16	CO1	118	27
16	CO1	119	33
16	CO1	120	39
16	CO1	121	38
16	CO1	122	39
16	CO1	123	36
16	CO1	124	39
16	CO1	125	39
16	CO1	126	39
16	CO1	127	39
16	CO1	128	38
16	CO1	129	39
16	CO1	130	39
16	CO1	131	39
16	CO1	132	39
16	CO1	133	39
16	CO1	134	37
16	CO1	135	38
16	CO1	136	38
16	CO1	137	7
16	CO1	138	10
16	CO1	139	39
16	CO1	140	10
16	CO1	141	39
16	CO1	142	36
16	CO1	143	39
16	CO1	144	39
16	CO1	145	39
16	CO1	146	39
16	CO1	147	31
16	CO1	148	39
16	CO1	149	39
16	CO1	150	38
16	CO1	151	38
16	CO1	152	38
16	CO1	153	39
16	CO1	154	39
16	CO1	155	39
16	CO1	156	29
16	CO1	157	39
16	CO1	158	39
16	CO1	159	39
16	CO1	160	39
16	CO1	161	38
16	CO1	162	39
16	CO1	163	38
16	CO1	164	39
16	CO1	165	39
16	CO1	166	39
16	CO1	167	39
16	CO1	168	39
16	CO1	169	34
16	CO1	170	39
16	CO1	171	39
16	CO1	172	39
16	CO1	173	38
16	CO1	174	37
16	CO1	175	38
16	CO1	176	38
16	CO1	177	31
16	CO1	178	10
16	CO1	179	38
16	CO1	180	38
16	CO1	181	37
16	CO1	182	37
16	CO1	183	39
16	CO1	184	39
16	CO1	185	39
16	CO1	186	39
16	CO1	187	39
16	CO1	188	39
16	CO1	189	33
16	CO1	190	35
16	CO1	191	36
16	CO1	192	39
16	CO1	193	39
16	CO1	194	34
16	CO1	195	39
16	CO1	196	39
16	CO1	197	39
16	CO1	198	39
16	CO1	199	35
16	CO1	200	39
16	CO1	201	39
16	CO1	202	39
16	CO1	203	39
16	CO1	204	39
16	CO1	205	38
16	CO1	206	38
16	CO1	207	39
16	CO1	208	39
16	CO1	209	39
16	CO1	210	39
16	CO1	211	39
16	CO1	212	39
16	CO1	213	39
16	CO1	214	39
16	CO1	215	39
16	CO1	216	39
16	CO1	217	39
16	CO1	218	39
16	CO1	219	38
16	CO1	220	39
16	CO1	221	39
16	CO1	222	39
16	CO1	223	39
16	CO1	224	36
16	CO1	225	39
16	CO1	226	39
16	CO1	227	39
16	CO1	228	39
16	CO1	229	39
16	CO1	230	37
16	CO1	231	39
16	CO1	232	39
16	CO1	233	39
16	CO1	234	39
16	CO1	235	39
16	CO1	236	39
16	CO1	237	39
16	CO1	238	39
16	CO1	239	39
16	CO1	240	39
16	CO1	241	38
16	CO1	242	39
16	CO1	243	39
16	CO1	244	39
16	CO1	245	39
16	CO1	246	39
16	CO1	247	39
16	CO1	248	39
16	CO1	249	39
16	CO1	250	39
16	CO1	251	39
16	CO1	252	39
16	CO1	253	39
16	CO1	254	31
16	CO1	255	37
16	CO1	256	39
16	CO1	257	39
16	CO1	258	34
16	CO1	259	38
16	CO1	260	32
16	CO1	261	32
16	CO1	262	38
16	CO1	263	38
16	CO1	264	38
16	CO1	265	39
16	CO1	266	38
16	CO1	267	39
16	CO1	268	38
16	CO1	269	39
16	CO1	270	39
16	CO1	271	38
16	CO1	272	38
16	CO1	273	39
16	CO1	274	39
16	CO1	275	36
16	CO1	276	38
16	CO1	277	38
16	CO1	278	39
16	CO1	279	31
16	CO1	280	37
16	CO1	281	39
16	CO1	282	39
16	CO1	283	36
16	CO1	284	39
16	CO1	285	39
16	CO1	286	39
16	CO1	287	39
16	CO1	288	39
16	CO1	289	39
16	CO1	290	39
16	CO1	291	39
16	CO1	292	39
16	CO1	293	39
16	CO1	294	39
16	CO1	295	39
16	CO1	296	39
16	CO1	297	37
16	CO1	298	33
16	CO1	299	38
16	CO1	300	39
16	CO1	301	39
16	CO1	302	39
16	CO1	303	39
16	CO1	304	39
16	CO1	305	38
16	CO1	306	39
16	CO1	307	39
16	CO1	308	38
16	CO1	309	39
16	CO1	310	39
16	CO1	311	39
16	CO1	312	39
16	CO1	313	39
16	CO1	314	39
16	CO1	315	37
16	CO1	316	39
16	CO1	317	39
16	CO1	318	39
16	CO1	319	37
16	CO1	320	39
16	CO1	321	38
16	CO1	322	39
16	CO1	323	39
16	CO1	324	38
16	CO1	325	39
16	CO1	326	39
16	CO1	327	39
16	CO1	328	37
16	CO1	329	38
16	CO1	330	39
16	CO1	331	7
16	CO1	332	31
16	CO1	333	3
16	CO1	334	37
16	CO1	335	38
16	CO1	336	34
16	CO1	337	9
16	CO1	338	34
16	CO1	339	4
16	CO1	340	32
16	CO1	341	39
16	CO1	342	39
16	CO1	343	39
16	CO1	344	39
16	CO1	345	39
16	CO1	346	38
16	CO1	347	39
16	CO1	348	39
16	CO1	349	39
16	CO1	350	39
16	CO1	351	35
16	CO1	352	39
16	CO1	353	39
16	CO1	354	39
16	CO1	355	39
16	CO1	356	39
16	CO1	357	37
16	CO1	358	37
16	CO1	359	39
16	CO1	360	35
16	CO1	361	39
16	CO1	362	39
16	CO1	363	39
16	CO1	364	38
16	CO1	365	39
16	CO1	366	39
16	CO1	367	35
16	CO1	368	39
16	CO1	369	39
16	CO1	370	39
16	CO1	371	39
16	CO1	372	39
16	CO1	373	39
16	CO1	374	39
16	CO1	375	39
16	CO1	376	39
16	CO1	377	39
16	CO1	378	39
16	CO1	379	39
16	CO1	380	39
16	CO1	381	39
16	CO1	382	39
16	CO1	383	39
16	CO1	384	39
16	CO1	385	39
16	CO1	386	39
16	CO1	387	39
16	CO1	388	39
16	CO1	389	39
16	CO1	390	39
16	CO1	391	36
16	CO1	392	32
16	CO1	393	38
16	CO1	394	38
16	CO1	395	13
16	CO1	396	39
16	CO1	397	39
16	CO1	398	38
16	CO1	399	39
16	CO1	400	39
16	CO1	401	37
16	CO1	402	31
16	CO1	403	39
16	CO1	404	33
16	CO1	405	37
16	CO1	406	38
16	CO1	407	15
16	CO1	408	16
16	CO1	409	35
16	CO1	410	8
16	CO1	411	35
16	CO1	412	39
16	CO1	413	31
16	CO1	414	34
16	CO1	415	39
16	CO1	416	13
16	CO1	417	30
16	CO1	418	38
16	CO1	419	39
16	CO1	420	8
16	CO1	421	39
16	CO1	422	39
16	CO1	423	39
16	CO1	424	23
16	CO1	425	39
16	CO1	426	39
16	CO1	427	39
16	CO1	428	39
16	CO1	429	39
16	CO1	430	39
16	CO1	431	39
16	CO1	432	39
16	CO1	433	39
16	CO1	434	39
16	CO1	435	34
16	CO1	436	37
16	CO1	437	39
16	CO1	438	39
16	CO1	439	39
16	CO1	440	38
16	CO1	441	39
16	CO1	442	39
16	CO1	443	39
16	CO1	444	39
16	CO1	445	39
16	CO1	446	39
16	CO1	447	39
16	CO1	448	39
16	CO1	449	38
16	CO1	450	26
16	CO1	451	39
16	CO1	452	39
16	CO1	453	10
16	CO1	454	11
16	CO1	455	39
16	CO1	456	38
16	CO1	457	7
16	CO1	458	39
16	CO1	459	39
16	CO1	460	33
16	CO1	461	38
16	CO1	462	39
16	CO1	463	37
16	CO1	464	33
16	CO1	465	38
16	CO1	466	36
16	CO1	467	24
16	CO1	468	30
16	CO1	469	35
16	CO1	470	23
16	CO1	471	37
16	CO1	472	25
16	CO1	473	33
16	CO1	474	39
16	CO1	475	39
16	CO1	476	37
16	CO1	477	38
16	CO1	478	32
16	CO1	479	35
16	CO1	480	37
16	CO1	481	39
16	CO1	482	12
16	CO1	483	37
16	CO1	484	20
16	CO1	485	10
16	CO1	486	24
16	CO1	487	31
16	CO1	488	4
16	CO1	489	10
16	CO1	490	18
16	CO1	491	1
16	CO1	492	34
16	CO1	493	28
16	CO1	494	39
16	CO1	495	39
16	CO1	496	37
16	CO1	497	9
16	CO1	498	37
16	CO1	499	37
16	CO1	500	39
16	CO1	501	38
16	CO1	502	37
16	CO1	503	34
16	CO1	504	39
16	CO1	505	38
16	CO1	506	35
16	CO1	507	37
16	CO1	508	36
16	CO1	509	35
16	CO1	510	11
16	CO1	511	30
16	CO1	512	7
16	CO1	513	19
16	CO1	514	5
16	CO1	515	32
16	CO1	516	36
16	CO1	517	38
16	CO1	518	38
16	CO1	519	38
16	CO1	520	8
16	CO1	521	36
16	CO1	522	36
