loci	common	aa_pos	of39
19	CO2	1	39
19	CO2	2	35
19	CO2	3	13
19	CO2	4	7
19	CO2	5	8
19	CO2	6	35
19	CO2	7	7
19	CO2	8	38
19	CO2	9	16
19	CO2	10	38
19	CO2	11	38
19	CO2	12	38
19	CO2	13	29
19	CO2	14	38
19	CO2	15	39
19	CO2	16	33
19	CO2	17	39
19	CO2	18	39
19	CO2	19	38
19	CO2	20	39
19	CO2	21	9
19	CO2	22	3
19	CO2	23	39
19	CO2	24	38
19	CO2	25	39
19	CO2	26	38
19	CO2	27	14
19	CO2	28	38
19	CO2	29	38
19	CO2	30	34
19	CO2	31	9
19	CO2	32	35
19	CO2	33	36
19	CO2	34	39
19	CO2	35	7
19	CO2	36	9
19	CO2	37	39
19	CO2	38	38
19	CO2	39	37
19	CO2	40	39
19	CO2	41	9
19	CO2	42	10
19	CO2	43	9
19	CO2	44	29
19	CO2	45	9
19	CO2	46	36
19	CO2	47	34
19	CO2	48	35
19	CO2	49	36
19	CO2	50	38
19	CO2	51	34
19	CO2	52	12
19	CO2	53	34
19	CO2	54	12
19	CO2	55	10
19	CO2	56	7
19	CO2	57	34
19	CO2	58	35
19	CO2	59	39
19	CO2	60	38
19	CO2	61	10
19	CO2	62	39
19	CO2	63	33
19	CO2	64	14
19	CO2	65	39
19	CO2	66	39
19	CO2	67	38
19	CO2	68	38
19	CO2	69	39
19	CO2	70	39
19	CO2	71	33
19	CO2	72	36
19	CO2	73	39
19	CO2	74	8
19	CO2	75	31
19	CO2	76	38
19	CO2	77	39
19	CO2	78	39
19	CO2	79	39
19	CO2	80	39
19	CO2	81	39
19	CO2	82	37
19	CO2	83	36
19	CO2	84	39
19	CO2	85	39
19	CO2	86	29
19	CO2	87	10
19	CO2	88	39
19	CO2	89	39
19	CO2	90	6
19	CO2	91	37
19	CO2	92	11
19	CO2	93	39
19	CO2	94	27
19	CO2	95	29
19	CO2	96	39
19	CO2	97	16
19	CO2	98	39
19	CO2	99	9
19	CO2	100	14
19	CO2	101	39
19	CO2	102	39
19	CO2	103	39
19	CO2	104	39
19	CO2	105	38
19	CO2	106	39
19	CO2	107	9
19	CO2	108	39
19	CO2	109	39
19	CO2	110	39
19	CO2	111	35
19	CO2	112	38
19	CO2	113	35
19	CO2	114	9
19	CO2	115	9
19	CO2	116	38
19	CO2	117	9
19	CO2	118	38
19	CO2	119	9
19	CO2	120	39
19	CO2	121	39
19	CO2	122	38
19	CO2	123	9
19	CO2	124	37
19	CO2	125	9
19	CO2	126	9
19	CO2	127	9
19	CO2	128	39
19	CO2	129	8
19	CO2	130	34
19	CO2	131	38
19	CO2	132	12
19	CO2	133	31
19	CO2	134	39
19	CO2	135	39
19	CO2	136	39
19	CO2	137	7
19	CO2	138	37
19	CO2	139	39
19	CO2	140	35
19	CO2	141	38
19	CO2	142	31
19	CO2	143	35
19	CO2	144	35
19	CO2	145	38
19	CO2	146	5
19	CO2	147	33
19	CO2	148	10
19	CO2	149	19
19	CO2	150	25
19	CO2	151	39
19	CO2	152	30
19	CO2	153	9
19	CO2	154	29
19	CO2	155	14
19	CO2	156	34
19	CO2	157	10
19	CO2	158	39
19	CO2	159	39
19	CO2	160	37
19	CO2	161	38
19	CO2	162	38
19	CO2	163	39
19	CO2	164	31
19	CO2	165	33
19	CO2	166	39
19	CO2	167	6
19	CO2	168	37
19	CO2	169	39
19	CO2	170	30
19	CO2	171	39
19	CO2	172	34
19	CO2	173	39
19	CO2	174	38
19	CO2	175	33
19	CO2	176	39
19	CO2	177	39
19	CO2	178	39
19	CO2	179	39
19	CO2	180	38
19	CO2	181	39
19	CO2	182	25
19	CO2	183	30
19	CO2	184	13
19	CO2	185	16
19	CO2	186	15
19	CO2	187	26
19	CO2	188	38
19	CO2	189	39
19	CO2	190	39
19	CO2	191	15
19	CO2	192	23
19	CO2	193	39
19	CO2	194	39
19	CO2	195	39
19	CO2	196	39
19	CO2	197	39
19	CO2	198	39
19	CO2	199	39
19	CO2	200	39
19	CO2	201	39
19	CO2	202	16
19	CO2	203	39
19	CO2	204	39
19	CO2	205	39
19	CO2	206	38
19	CO2	207	39
19	CO2	208	39
19	CO2	209	39
19	CO2	210	37
19	CO2	211	31
19	CO2	212	39
19	CO2	213	23
19	CO2	214	11
19	CO2	215	37
19	CO2	216	37
19	CO2	217	27
19	CO2	218	9
19	CO2	219	39
19	CO2	220	37
19	CO2	221	9
19	CO2	222	9
19	CO2	223	9
19	CO2	224	10
19	CO2	225	9
19	CO2	226	7
19	CO2	227	26
19	CO2	228	37
19	CO2	229	33
19	CO2	230	30
