loci	common	aa_pos	of39
21	ATP8	1	39
21	ATP8	2	38
21	ATP8	3	38
21	ATP8	4	37
21	ATP8	5	12
21	ATP8	6	32
21	ATP8	7	5
21	ATP8	8	5
21	ATP8	9	39
21	ATP8	10	7
21	ATP8	11	17
21	ATP8	12	8
21	ATP8	13	32
21	ATP8	14	8
21	ATP8	15	6
21	ATP8	16	29
21	ATP8	17	13
21	ATP8	18	26
21	ATP8	19	28
21	ATP8	20	35
21	ATP8	21	31
21	ATP8	22	11
21	ATP8	23	15
21	ATP8	24	8
21	ATP8	25	35
21	ATP8	26	32
21	ATP8	27	37
21	ATP8	28	6
21	ATP8	29	14
21	ATP8	30	12
21	ATP8	31	4
21	ATP8	32	8
21	ATP8	33	23
21	ATP8	34	9
21	ATP8	35	7
21	ATP8	36	10
21	ATP8	37	34
21	ATP8	38	7
21	ATP8	39	14
21	ATP8	40	28
21	ATP8	41	6
21	ATP8	42	8
21	ATP8	43	20
21	ATP8	44	7
21	ATP8	45	9
21	ATP8	46	6
21	ATP8	47	3
21	ATP8	48	11
21	ATP8	49	7
21	ATP8	50	33
21	ATP8	51	38
21	ATP8	52	27
21	ATP8	53	7
21	ATP8	54	32
21	ATP8	55	39
21	ATP8	56	36
21	ATP8	57	34
21	ATP8	58	28
21	ATP8	59	3
21	ATP8	60	16
21	ATP8	61	6
21	ATP8	62	12
21	ATP8	63	28
21	ATP8	64	27
21	ATP8	65	29
21	ATP8	66	12
21	ATP8	67	22
21	ATP8	68	9
