loci	common	aa_pos	of39
22	ATP6	1	39
22	ATP6	2	38
22	ATP6	3	38
22	ATP6	4	38
22	ATP6	5	38
22	ATP6	6	38
22	ATP6	7	38
22	ATP6	8	38
22	ATP6	9	38
22	ATP6	10	34
22	ATP6	11	32
22	ATP6	12	33
22	ATP6	13	36
22	ATP6	14	38
22	ATP6	15	25
22	ATP6	16	25
22	ATP6	17	39
22	ATP6	18	17
22	ATP6	19	8
22	ATP6	20	38
22	ATP6	21	26
22	ATP6	22	13
22	ATP6	23	21
22	ATP6	24	36
22	ATP6	25	24
22	ATP6	26	34
22	ATP6	27	9
22	ATP6	28	8
22	ATP6	29	10
22	ATP6	30	28
22	ATP6	31	29
22	ATP6	32	27
22	ATP6	33	16
22	ATP6	34	30
22	ATP6	35	37
22	ATP6	36	6
22	ATP6	37	18
22	ATP6	38	35
22	ATP6	39	10
22	ATP6	40	31
22	ATP6	41	18
22	ATP6	42	16
22	ATP6	43	38
22	ATP6	44	35
22	ATP6	45	12
22	ATP6	46	3
22	ATP6	47	31
22	ATP6	48	30
22	ATP6	49	29
22	ATP6	50	37
22	ATP6	51	37
22	ATP6	52	27
22	ATP6	53	21
22	ATP6	54	13
22	ATP6	55	7
22	ATP6	56	37
22	ATP6	57	29
22	ATP6	58	36
22	ATP6	59	31
22	ATP6	60	24
22	ATP6	61	7
22	ATP6	62	33
22	ATP6	63	20
22	ATP6	64	18
22	ATP6	65	37
22	ATP6	66	37
22	ATP6	67	30
22	ATP6	68	32
22	ATP6	69	17
22	ATP6	70	9
22	ATP6	71	34
22	ATP6	72	30
22	ATP6	73	9
22	ATP6	74	32
22	ATP6	75	39
22	ATP6	76	16
22	ATP6	77	30
22	ATP6	78	37
22	ATP6	79	21
22	ATP6	80	38
22	ATP6	81	38
22	ATP6	82	33
22	ATP6	83	36
22	ATP6	84	6
22	ATP6	85	35
22	ATP6	86	39
22	ATP6	87	31
22	ATP6	88	10
22	ATP6	89	35
22	ATP6	90	35
22	ATP6	91	10
22	ATP6	92	6
22	ATP6	93	33
22	ATP6	94	39
22	ATP6	95	35
22	ATP6	96	38
22	ATP6	97	39
22	ATP6	98	36
22	ATP6	99	35
22	ATP6	100	39
22	ATP6	101	28
22	ATP6	102	29
22	ATP6	103	39
22	ATP6	104	38
22	ATP6	105	38
22	ATP6	106	39
22	ATP6	107	38
22	ATP6	108	38
22	ATP6	109	39
22	ATP6	110	37
22	ATP6	111	34
22	ATP6	112	37
22	ATP6	113	31
22	ATP6	114	12
22	ATP6	115	34
22	ATP6	116	38
22	ATP6	117	33
22	ATP6	118	39
22	ATP6	119	39
22	ATP6	120	39
22	ATP6	121	28
22	ATP6	122	28
22	ATP6	123	28
22	ATP6	124	36
22	ATP6	125	19
22	ATP6	126	14
22	ATP6	127	38
22	ATP6	128	29
22	ATP6	129	37
22	ATP6	130	2
22	ATP6	131	34
22	ATP6	132	1
22	ATP6	133	34
22	ATP6	134	9
22	ATP6	135	8
22	ATP6	136	38
22	ATP6	137	35
22	ATP6	138	39
22	ATP6	139	24
22	ATP6	140	37
22	ATP6	141	39
22	ATP6	142	35
22	ATP6	143	39
22	ATP6	144	39
22	ATP6	145	39
22	ATP6	146	20
22	ATP6	147	25
22	ATP6	148	39
22	ATP6	149	37
22	ATP6	150	39
22	ATP6	151	33
22	ATP6	152	37
22	ATP6	153	21
22	ATP6	154	30
22	ATP6	155	39
22	ATP6	156	39
22	ATP6	157	39
22	ATP6	158	37
22	ATP6	159	39
22	ATP6	160	38
22	ATP6	161	10
22	ATP6	162	39
22	ATP6	163	33
22	ATP6	164	39
22	ATP6	165	20
22	ATP6	166	37
22	ATP6	167	38
22	ATP6	168	35
22	ATP6	169	38
22	ATP6	170	39
22	ATP6	171	39
22	ATP6	172	39
22	ATP6	173	39
22	ATP6	174	39
22	ATP6	175	34
22	ATP6	176	38
22	ATP6	177	39
22	ATP6	178	39
22	ATP6	179	39
22	ATP6	180	38
22	ATP6	181	39
22	ATP6	182	23
22	ATP6	183	34
22	ATP6	184	39
22	ATP6	185	36
22	ATP6	186	35
22	ATP6	187	9
22	ATP6	188	33
22	ATP6	189	30
22	ATP6	190	34
22	ATP6	191	25
22	ATP6	192	5
22	ATP6	193	11
22	ATP6	194	7
22	ATP6	195	33
22	ATP6	196	12
22	ATP6	197	12
22	ATP6	198	12
22	ATP6	199	5
22	ATP6	200	8
22	ATP6	201	19
22	ATP6	202	28
22	ATP6	203	6
22	ATP6	204	29
22	ATP6	205	16
22	ATP6	206	27
22	ATP6	207	36
22	ATP6	208	20
22	ATP6	209	38
22	ATP6	210	39
22	ATP6	211	35
22	ATP6	212	27
22	ATP6	213	39
22	ATP6	214	39
22	ATP6	215	8
22	ATP6	216	37
22	ATP6	217	38
22	ATP6	218	39
22	ATP6	219	27
22	ATP6	220	39
22	ATP6	221	39
22	ATP6	222	38
22	ATP6	223	39
22	ATP6	224	39
22	ATP6	225	39
22	ATP6	226	33
22	ATP6	227	38
22	ATP6	228	39
22	ATP6	229	32
22	ATP6	230	37
22	ATP6	231	39
22	ATP6	232	39
22	ATP6	233	38
22	ATP6	234	34
22	ATP6	235	29
22	ATP6	236	38
22	ATP6	237	29
