loci	common	aa_pos	of39
23	CO3	1	39
23	CO3	2	38
23	CO3	3	31
23	CO3	4	39
23	CO3	5	38
23	CO3	6	7
23	CO3	7	39
23	CO3	8	33
23	CO3	9	37
23	CO3	10	39
23	CO3	11	38
23	CO3	12	38
23	CO3	13	9
23	CO3	14	38
23	CO3	15	39
23	CO3	16	39
23	CO3	17	39
23	CO3	18	39
23	CO3	19	38
23	CO3	20	37
23	CO3	21	39
23	CO3	22	39
23	CO3	23	31
23	CO3	24	34
23	CO3	25	39
23	CO3	26	34
23	CO3	27	37
23	CO3	28	24
23	CO3	29	37
23	CO3	30	38
23	CO3	31	39
23	CO3	32	38
23	CO3	33	12
23	CO3	34	36
23	CO3	35	39
23	CO3	36	39
23	CO3	37	39
23	CO3	38	27
23	CO3	39	8
23	CO3	40	36
23	CO3	41	9
23	CO3	42	16
23	CO3	43	39
23	CO3	44	35
23	CO3	45	6
23	CO3	46	29
23	CO3	47	38
23	CO3	48	33
23	CO3	49	19
23	CO3	50	33
23	CO3	51	32
23	CO3	52	8
23	CO3	53	37
23	CO3	54	36
23	CO3	55	36
23	CO3	56	31
23	CO3	57	39
23	CO3	58	39
23	CO3	59	39
23	CO3	60	39
23	CO3	61	39
23	CO3	62	18
23	CO3	63	1
23	CO3	64	39
23	CO3	65	39
23	CO3	66	22
23	CO3	67	39
23	CO3	68	15
23	CO3	69	38
23	CO3	70	39
23	CO3	71	38
23	CO3	72	39
23	CO3	73	39
23	CO3	74	26
23	CO3	75	12
23	CO3	76	39
23	CO3	77	38
23	CO3	78	37
23	CO3	79	36
23	CO3	80	39
23	CO3	81	39
23	CO3	82	38
23	CO3	83	39
23	CO3	84	39
23	CO3	85	31
23	CO3	86	39
23	CO3	87	39
23	CO3	88	39
23	CO3	89	12
23	CO3	90	39
23	CO3	91	39
23	CO3	92	35
23	CO3	93	28
23	CO3	94	39
23	CO3	95	39
23	CO3	96	19
23	CO3	97	38
23	CO3	98	39
23	CO3	99	39
23	CO3	100	39
23	CO3	101	38
23	CO3	102	39
23	CO3	103	37
23	CO3	104	38
23	CO3	105	39
23	CO3	106	39
23	CO3	107	39
23	CO3	108	34
23	CO3	109	39
23	CO3	110	38
23	CO3	111	33
23	CO3	112	8
23	CO3	113	38
23	CO3	114	39
23	CO3	115	34
23	CO3	116	10
23	CO3	117	39
23	CO3	118	39
23	CO3	119	39
23	CO3	120	34
23	CO3	121	38
23	CO3	122	36
23	CO3	123	12
23	CO3	124	37
23	CO3	125	38
23	CO3	126	36
23	CO3	127	38
23	CO3	128	32
23	CO3	129	36
23	CO3	130	38
23	CO3	131	39
23	CO3	132	39
23	CO3	133	39
23	CO3	134	39
23	CO3	135	39
23	CO3	136	30
23	CO3	137	34
23	CO3	138	39
23	CO3	139	39
23	CO3	140	39
23	CO3	141	39
23	CO3	142	39
23	CO3	143	39
23	CO3	144	30
23	CO3	145	33
23	CO3	146	39
23	CO3	147	39
23	CO3	148	39
23	CO3	149	39
23	CO3	150	39
23	CO3	151	38
23	CO3	152	35
23	CO3	153	37
23	CO3	154	35
23	CO3	155	9
23	CO3	156	33
23	CO3	157	37
23	CO3	158	7
23	CO3	159	18
23	CO3	160	30
23	CO3	161	17
23	CO3	162	37
23	CO3	163	34
23	CO3	164	39
23	CO3	165	13
23	CO3	166	32
23	CO3	167	39
23	CO3	168	37
23	CO3	169	18
23	CO3	170	39
23	CO3	171	39
23	CO3	172	15
23	CO3	173	39
23	CO3	174	39
23	CO3	175	39
23	CO3	176	28
23	CO3	177	38
23	CO3	178	39
23	CO3	179	33
23	CO3	180	30
23	CO3	181	39
23	CO3	182	39
23	CO3	183	11
23	CO3	184	39
23	CO3	185	5
23	CO3	186	25
23	CO3	187	39
23	CO3	188	35
23	CO3	189	39
23	CO3	190	32
23	CO3	191	39
23	CO3	192	33
23	CO3	193	18
23	CO3	194	39
23	CO3	195	39
23	CO3	196	39
23	CO3	197	39
23	CO3	198	39
23	CO3	199	39
23	CO3	200	23
23	CO3	201	36
23	CO3	202	39
23	CO3	203	39
23	CO3	204	39
23	CO3	205	39
23	CO3	206	39
23	CO3	207	37
23	CO3	208	39
23	CO3	209	39
23	CO3	210	38
23	CO3	211	39
23	CO3	212	39
23	CO3	213	34
23	CO3	214	34
23	CO3	215	39
23	CO3	216	39
23	CO3	217	11
23	CO3	218	8
23	CO3	219	39
23	CO3	220	16
23	CO3	221	11
23	CO3	222	38
23	CO3	223	37
23	CO3	224	29
23	CO3	225	4
23	CO3	226	28
23	CO3	227	39
23	CO3	228	39
23	CO3	229	38
23	CO3	230	35
23	CO3	231	11
23	CO3	232	39
23	CO3	233	39
23	CO3	234	39
23	CO3	235	39
23	CO3	236	39
23	CO3	237	38
23	CO3	238	36
23	CO3	239	38
23	CO3	240	38
23	CO3	241	39
23	CO3	242	39
23	CO3	243	39
23	CO3	244	39
23	CO3	245	39
23	CO3	246	39
23	CO3	247	39
23	CO3	248	38
23	CO3	249	36
23	CO3	250	39
23	CO3	251	39
23	CO3	252	38
23	CO3	253	39
23	CO3	254	39
23	CO3	255	31
23	CO3	256	38
23	CO3	257	38
23	CO3	258	39
23	CO3	259	39
23	CO3	260	39
23	CO3	261	39
23	CO3	262	37
23	CO3	263	37
