loci	common	aa_pos	of39
25	ND3	1	39
25	ND3	2	35
25	ND3	3	36
25	ND3	4	6
25	ND3	5	36
25	ND3	6	5
25	ND3	7	23
25	ND3	8	7
25	ND3	9	35
25	ND3	10	8
25	ND3	11	13
25	ND3	12	33
25	ND3	13	26
25	ND3	14	17
25	ND3	15	35
25	ND3	16	23
25	ND3	17	15
25	ND3	18	24
25	ND3	19	35
25	ND3	20	7
25	ND3	21	10
25	ND3	22	29
25	ND3	23	8
25	ND3	24	37
25	ND3	25	36
25	ND3	26	35
25	ND3	27	36
25	ND3	28	37
25	ND3	29	30
25	ND3	30	31
25	ND3	31	1
25	ND3	32	33
25	ND3	33	8
25	ND3	34	38
25	ND3	35	38
25	ND3	36	12
25	ND3	37	2
25	ND3	38	38
25	ND3	39	38
25	ND3	40	39
25	ND3	41	39
25	ND3	42	39
25	ND3	43	39
25	ND3	44	39
25	ND3	45	39
25	ND3	46	19
25	ND3	47	8
25	ND3	48	9
25	ND3	49	37
25	ND3	50	38
25	ND3	51	3
25	ND3	52	39
25	ND3	53	38
25	ND3	54	39
25	ND3	55	35
25	ND3	56	34
25	ND3	57	39
25	ND3	58	39
25	ND3	59	38
25	ND3	60	33
25	ND3	61	37
25	ND3	62	39
25	ND3	63	34
25	ND3	64	39
25	ND3	65	39
25	ND3	66	38
25	ND3	67	39
25	ND3	68	39
25	ND3	69	38
25	ND3	70	39
25	ND3	71	38
25	ND3	72	39
25	ND3	73	37
25	ND3	74	38
25	ND3	75	39
25	ND3	76	37
25	ND3	77	35
25	ND3	78	37
25	ND3	79	38
25	ND3	80	36
25	ND3	81	8
25	ND3	82	35
25	ND3	83	28
25	ND3	84	13
25	ND3	85	29
25	ND3	86	26
25	ND3	87	8
25	ND3	88	14
25	ND3	89	27
25	ND3	90	4
25	ND3	91	4
25	ND3	92	7
25	ND3	93	11
25	ND3	94	25
25	ND3	95	11
25	ND3	96	33
25	ND3	97	31
25	ND3	98	11
25	ND3	99	17
25	ND3	100	39
25	ND3	101	26
25	ND3	102	20
25	ND3	103	22
25	ND3	104	39
25	ND3	105	33
25	ND3	106	38
25	ND3	107	39
25	ND3	108	39
25	ND3	109	8
25	ND3	110	36
25	ND3	111	30
25	ND3	112	38
25	ND3	113	39
25	ND3	114	10
25	ND3	115	39
25	ND3	116	21
25	ND3	117	34
25	ND3	118	38
