loci	common	aa_pos	of39
27	ND4L	1	39
27	ND4L	2	15
27	ND4L	3	18
27	ND4L	4	18
27	ND4L	5	38
27	ND4L	6	22
27	ND4L	7	19
27	ND4L	8	34
27	ND4L	9	25
27	ND4L	10	38
27	ND4L	11	12
27	ND4L	12	23
27	ND4L	13	37
27	ND4L	14	37
27	ND4L	15	18
27	ND4L	16	12
27	ND4L	17	29
27	ND4L	18	37
27	ND4L	19	18
27	ND4L	20	38
27	ND4L	21	14
27	ND4L	22	31
27	ND4L	23	8
27	ND4L	24	33
27	ND4L	25	38
27	ND4L	26	33
27	ND4L	27	38
27	ND4L	28	38
27	ND4L	29	34
27	ND4L	30	37
27	ND4L	31	28
27	ND4L	32	39
27	ND4L	33	39
27	ND4L	34	38
27	ND4L	35	39
27	ND4L	36	39
27	ND4L	37	37
27	ND4L	38	38
27	ND4L	39	35
27	ND4L	40	37
27	ND4L	41	35
27	ND4L	42	31
27	ND4L	43	37
27	ND4L	44	25
27	ND4L	45	26
27	ND4L	46	12
27	ND4L	47	19
27	ND4L	48	25
27	ND4L	49	14
27	ND4L	50	38
27	ND4L	51	38
27	ND4L	52	10
27	ND4L	53	34
27	ND4L	54	31
27	ND4L	55	14
27	ND4L	56	32
27	ND4L	57	11
27	ND4L	58	7
27	ND4L	59	29
27	ND4L	60	22
27	ND4L	61	14
27	ND4L	62	11
27	ND4L	63	6
27	ND4L	64	37
27	ND4L	65	28
27	ND4L	66	1
27	ND4L	67	9
27	ND4L	68	39
27	ND4L	69	34
27	ND4L	70	38
27	ND4L	71	33
27	ND4L	72	38
27	ND4L	73	37
27	ND4L	74	38
27	ND4L	75	36
27	ND4L	76	34
27	ND4L	77	21
27	ND4L	78	39
27	ND4L	79	39
27	ND4L	80	26
27	ND4L	81	37
27	ND4L	82	38
27	ND4L	83	35
27	ND4L	84	10
27	ND4L	85	14
27	ND4L	86	33
27	ND4L	87	34
27	ND4L	88	35
27	ND4L	89	33
27	ND4L	90	38
27	ND4L	91	12
27	ND4L	92	38
27	ND4L	93	30
27	ND4L	94	29
27	ND4L	95	6
27	ND4L	96	35
27	ND4L	97	38
27	ND4L	98	37
27	ND4L	99	37
27	ND4L	100	38
27	ND4L	101	36
27	ND4L	102	38
