loci	common	aa_pos	of39
28	ND4	1	39
28	ND4	2	39
28	ND4	3	39
28	ND4	4	9
28	ND4	5	33
28	ND4	6	3
28	ND4	7	36
28	ND4	8	35
28	ND4	9	24
28	ND4	10	37
28	ND4	11	38
28	ND4	12	15
28	ND4	13	39
28	ND4	14	26
28	ND4	15	31
28	ND4	16	33
28	ND4	17	26
28	ND4	18	34
28	ND4	19	30
28	ND4	20	12
28	ND4	21	7
28	ND4	22	24
28	ND4	23	26
28	ND4	24	39
28	ND4	25	29
28	ND4	26	35
28	ND4	27	22
28	ND4	28	35
28	ND4	29	15
28	ND4	30	19
28	ND4	31	37
28	ND4	32	31
28	ND4	33	10
28	ND4	34	37
28	ND4	35	35
28	ND4	36	3
28	ND4	37	23
28	ND4	38	9
28	ND4	39	39
28	ND4	40	16
28	ND4	41	11
28	ND4	42	8
28	ND4	43	28
28	ND4	44	29
28	ND4	45	4
28	ND4	46	15
28	ND4	47	12
28	ND4	48	25
28	ND4	49	9
28	ND4	50	38
28	ND4	51	5
28	ND4	52	11
28	ND4	53	3
28	ND4	54	33
28	ND4	55	5
28	ND4	56	10
28	ND4	57	30
28	ND4	58	12
28	ND4	59	30
28	ND4	60	38
28	ND4	61	21
28	ND4	62	36
28	ND4	63	8
28	ND4	64	26
28	ND4	65	38
28	ND4	66	39
28	ND4	67	35
28	ND4	68	9
28	ND4	69	39
28	ND4	70	34
28	ND4	71	20
28	ND4	72	39
28	ND4	73	37
28	ND4	74	38
28	ND4	75	38
28	ND4	76	39
28	ND4	77	4
28	ND4	78	18
28	ND4	79	27
28	ND4	80	39
28	ND4	81	38
28	ND4	82	38
28	ND4	83	4
28	ND4	84	37
28	ND4	85	34
28	ND4	86	21
28	ND4	87	3
28	ND4	88	34
28	ND4	89	25
28	ND4	90	18
28	ND4	91	11
28	ND4	92	30
28	ND4	93	34
28	ND4	94	33
28	ND4	95	31
28	ND4	96	30
28	ND4	97	12
28	ND4	98	17
28	ND4	99	31
28	ND4	100	35
28	ND4	101	31
28	ND4	102	11
28	ND4	103	38
28	ND4	104	38
28	ND4	105	14
28	ND4	106	11
28	ND4	107	38
28	ND4	108	34
28	ND4	109	35
28	ND4	110	34
28	ND4	111	39
28	ND4	112	21
28	ND4	113	37
28	ND4	114	28
28	ND4	115	36
28	ND4	116	36
28	ND4	117	33
28	ND4	118	17
28	ND4	119	37
28	ND4	120	39
28	ND4	121	36
28	ND4	122	5
28	ND4	123	39
28	ND4	124	39
28	ND4	125	11
28	ND4	126	38
28	ND4	127	39
28	ND4	128	31
28	ND4	129	39
28	ND4	130	39
28	ND4	131	38
28	ND4	132	3
28	ND4	133	36
28	ND4	134	39
28	ND4	135	36
28	ND4	136	36
28	ND4	137	39
28	ND4	138	39
28	ND4	139	34
28	ND4	140	39
28	ND4	141	10
28	ND4	142	37
28	ND4	143	39
28	ND4	144	39
28	ND4	145	37
28	ND4	146	39
28	ND4	147	38
28	ND4	148	11
28	ND4	149	39
28	ND4	150	37
28	ND4	151	39
28	ND4	152	39
28	ND4	153	39
28	ND4	154	39
28	ND4	155	38
28	ND4	156	12
28	ND4	157	36
28	ND4	158	39
28	ND4	159	36
28	ND4	160	39
28	ND4	161	38
28	ND4	162	38
28	ND4	163	17
28	ND4	164	30
28	ND4	165	36
28	ND4	166	18
28	ND4	167	23
28	ND4	168	11
28	ND4	169	9
28	ND4	170	32
28	ND4	171	15
28	ND4	172	10
28	ND4	173	38
28	ND4	174	28
28	ND4	175	37
28	ND4	176	32
28	ND4	177	12
28	ND4	178	24
28	ND4	179	18
28	ND4	180	24
28	ND4	181	11
28	ND4	182	20
28	ND4	183	13
28	ND4	184	11
28	ND4	185	18
28	ND4	186	7
28	ND4	187	38
28	ND4	188	26
28	ND4	189	8
28	ND4	190	14
28	ND4	191	27
28	ND4	192	37
28	ND4	193	6
28	ND4	194	30
28	ND4	195	12
28	ND4	196	18
28	ND4	197	14
28	ND4	198	37
28	ND4	199	35
28	ND4	200	33
28	ND4	201	7
28	ND4	202	9
28	ND4	203	33
28	ND4	204	38
28	ND4	205	39
28	ND4	206	31
28	ND4	207	34
28	ND4	208	39
28	ND4	209	36
28	ND4	210	39
28	ND4	211	36
28	ND4	212	38
28	ND4	213	38
28	ND4	214	30
28	ND4	215	36
28	ND4	216	39
28	ND4	217	39
28	ND4	218	39
28	ND4	219	39
28	ND4	220	39
28	ND4	221	39
28	ND4	222	39
28	ND4	223	39
28	ND4	224	39
28	ND4	225	39
28	ND4	226	39
28	ND4	227	37
28	ND4	228	38
28	ND4	229	39
28	ND4	230	39
28	ND4	231	39
28	ND4	232	33
28	ND4	233	39
28	ND4	234	39
28	ND4	235	38
28	ND4	236	19
28	ND4	237	38
28	ND4	238	39
28	ND4	239	39
28	ND4	240	39
28	ND4	241	39
28	ND4	242	37
28	ND4	243	39
28	ND4	244	39
28	ND4	245	34
28	ND4	246	25
28	ND4	247	39
28	ND4	248	9
28	ND4	249	28
28	ND4	250	8
28	ND4	251	19
28	ND4	252	36
28	ND4	253	21
28	ND4	254	37
28	ND4	255	24
28	ND4	256	33
28	ND4	257	12
28	ND4	258	12
28	ND4	259	32
28	ND4	260	31
28	ND4	261	37
28	ND4	262	38
28	ND4	263	37
28	ND4	264	22
28	ND4	265	3
28	ND4	266	37
28	ND4	267	35
28	ND4	268	37
28	ND4	269	38
28	ND4	270	39
28	ND4	271	34
28	ND4	272	32
28	ND4	273	38
28	ND4	274	37
28	ND4	275	38
28	ND4	276	35
28	ND4	277	35
28	ND4	278	38
28	ND4	279	39
28	ND4	280	39
28	ND4	281	39
28	ND4	282	38
28	ND4	283	39
28	ND4	284	38
28	ND4	285	39
28	ND4	286	38
28	ND4	287	37
28	ND4	288	39
28	ND4	289	39
28	ND4	290	39
28	ND4	291	38
28	ND4	292	39
28	ND4	293	3
28	ND4	294	38
28	ND4	295	39
28	ND4	296	39
28	ND4	297	33
28	ND4	298	38
28	ND4	299	38
28	ND4	300	7
28	ND4	301	5
28	ND4	302	36
28	ND4	303	28
28	ND4	304	30
28	ND4	305	33
28	ND4	306	37
28	ND4	307	37
28	ND4	308	35
28	ND4	309	35
28	ND4	310	38
28	ND4	311	34
28	ND4	312	21
28	ND4	313	9
28	ND4	314	39
28	ND4	315	37
28	ND4	316	3
28	ND4	317	9
28	ND4	318	38
28	ND4	319	38
28	ND4	320	33
28	ND4	321	37
28	ND4	322	38
28	ND4	323	38
28	ND4	324	38
28	ND4	325	37
28	ND4	326	38
28	ND4	327	39
28	ND4	328	14
28	ND4	329	35
28	ND4	330	37
28	ND4	331	39
28	ND4	332	39
28	ND4	333	39
28	ND4	334	38
28	ND4	335	38
28	ND4	336	26
28	ND4	337	35
28	ND4	338	39
28	ND4	339	39
28	ND4	340	38
28	ND4	341	19
28	ND4	342	37
28	ND4	343	36
28	ND4	344	38
28	ND4	345	10
28	ND4	346	36
28	ND4	347	29
28	ND4	348	34
28	ND4	349	10
28	ND4	350	7
28	ND4	351	39
28	ND4	352	38
28	ND4	353	36
28	ND4	354	22
28	ND4	355	26
28	ND4	356	33
28	ND4	357	39
28	ND4	358	37
28	ND4	359	35
28	ND4	360	30
28	ND4	361	6
28	ND4	362	39
28	ND4	363	39
28	ND4	364	33
28	ND4	365	28
28	ND4	366	37
28	ND4	367	35
28	ND4	368	37
28	ND4	369	14
28	ND4	370	39
28	ND4	371	34
28	ND4	372	38
28	ND4	373	37
28	ND4	374	39
28	ND4	375	39
28	ND4	376	29
28	ND4	377	35
28	ND4	378	39
28	ND4	379	37
28	ND4	380	13
28	ND4	381	38
28	ND4	382	39
28	ND4	383	37
28	ND4	384	8
28	ND4	385	24
28	ND4	386	9
28	ND4	387	7
28	ND4	388	9
28	ND4	389	7
28	ND4	390	37
28	ND4	391	34
28	ND4	392	39
28	ND4	393	38
28	ND4	394	28
28	ND4	395	16
28	ND4	396	36
28	ND4	397	6
28	ND4	398	11
28	ND4	399	37
28	ND4	400	16
28	ND4	401	36
28	ND4	402	17
28	ND4	403	35
28	ND4	404	17
28	ND4	405	18
28	ND4	406	1
28	ND4	407	38
28	ND4	408	33
28	ND4	409	29
28	ND4	410	39
28	ND4	411	33
28	ND4	412	36
28	ND4	413	34
28	ND4	414	38
28	ND4	415	14
28	ND4	416	13
28	ND4	417	21
28	ND4	418	34
28	ND4	419	39
28	ND4	420	4
28	ND4	421	39
28	ND4	422	3
28	ND4	423	14
28	ND4	424	30
28	ND4	425	23
28	ND4	426	37
28	ND4	427	24
28	ND4	428	19
28	ND4	429	27
28	ND4	430	10
28	ND4	431	22
28	ND4	432	36
28	ND4	433	28
28	ND4	434	28
28	ND4	435	38
28	ND4	436	39
28	ND4	437	39
28	ND4	438	27
28	ND4	439	15
28	ND4	440	38
28	ND4	441	39
28	ND4	442	5
28	ND4	443	10
28	ND4	444	39
28	ND4	445	18
28	ND4	446	5
28	ND4	447	39
28	ND4	448	9
28	ND4	449	27
28	ND4	450	33
28	ND4	451	38
28	ND4	452	25
28	ND4	453	29
28	ND4	454	32
28	ND4	455	38
28	ND4	456	4
28	ND4	457	24
28	ND4	458	35
28	ND4	459	7
28	ND4	460	37
28	ND4	461	10
28	ND4	462	1
28	ND4	463	5
28	ND4	464	36
28	ND4	465	38
