loci	common	aa_pos	of39
32	ND5	1	38
32	ND5	2	5
32	ND5	3	14
32	ND5	4	1
32	ND5	5	15
32	ND5	6	13
32	ND5	7	8
32	ND5	8	13
32	ND5	9	7
32	ND5	10	17
32	ND5	11	18
32	ND5	12	33
32	ND5	13	9
32	ND5	14	9
32	ND5	15	36
32	ND5	16	10
32	ND5	17	6
32	ND5	18	38
32	ND5	19	33
32	ND5	20	9
32	ND5	21	7
32	ND5	22	15
32	ND5	23	14
32	ND5	24	3
32	ND5	25	21
32	ND5	26	11
32	ND5	27	11
32	ND5	28	29
32	ND5	29	8
32	ND5	30	11
32	ND5	31	7
32	ND5	32	24
32	ND5	33	32
32	ND5	34	17
32	ND5	35	26
32	ND5	36	29
32	ND5	37	35
32	ND5	38	5
32	ND5	39	8
32	ND5	40	13
32	ND5	41	9
32	ND5	42	11
32	ND5	43	5
32	ND5	44	37
32	ND5	45	17
32	ND5	46	19
32	ND5	47	38
32	ND5	48	30
32	ND5	49	5
32	ND5	50	34
32	ND5	51	21
32	ND5	52	12
32	ND5	53	22
32	ND5	54	33
32	ND5	55	6
32	ND5	56	7
32	ND5	57	10
32	ND5	58	5
32	ND5	59	29
32	ND5	60	36
32	ND5	61	2
32	ND5	62	23
32	ND5	63	31
32	ND5	64	24
32	ND5	65	32
32	ND5	66	38
32	ND5	67	33
32	ND5	68	38
32	ND5	69	5
32	ND5	70	29
32	ND5	71	12
32	ND5	72	28
32	ND5	73	31
32	ND5	74	3
32	ND5	75	6
32	ND5	76	31
32	ND5	77	22
32	ND5	78	24
32	ND5	79	36
32	ND5	80	35
32	ND5	81	38
32	ND5	82	24
32	ND5	83	39
32	ND5	84	28
32	ND5	85	34
32	ND5	86	38
32	ND5	87	22
32	ND5	88	15
32	ND5	89	39
32	ND5	90	11
32	ND5	91	36
32	ND5	92	25
32	ND5	93	37
32	ND5	94	39
32	ND5	95	33
32	ND5	96	31
32	ND5	97	38
32	ND5	98	38
32	ND5	99	37
32	ND5	100	38
32	ND5	101	31
32	ND5	102	36
32	ND5	103	37
32	ND5	104	35
32	ND5	105	14
32	ND5	106	37
32	ND5	107	39
32	ND5	108	39
32	ND5	109	4
32	ND5	110	38
32	ND5	111	38
32	ND5	112	36
32	ND5	113	18
32	ND5	114	38
32	ND5	115	29
32	ND5	116	17
32	ND5	117	39
32	ND5	118	33
32	ND5	119	36
32	ND5	120	35
32	ND5	121	38
32	ND5	122	35
32	ND5	123	12
32	ND5	124	39
32	ND5	125	37
32	ND5	126	31
32	ND5	127	33
32	ND5	128	39
32	ND5	129	22
32	ND5	130	35
32	ND5	131	39
32	ND5	132	31
32	ND5	133	31
32	ND5	134	36
32	ND5	135	38
32	ND5	136	39
32	ND5	137	33
32	ND5	138	34
32	ND5	139	37
32	ND5	140	36
32	ND5	141	38
32	ND5	142	36
32	ND5	143	39
32	ND5	144	39
32	ND5	145	38
32	ND5	146	39
32	ND5	147	36
32	ND5	148	39
32	ND5	149	38
32	ND5	150	38
32	ND5	151	39
32	ND5	152	38
32	ND5	153	35
32	ND5	154	39
32	ND5	155	38
32	ND5	156	9
32	ND5	157	38
32	ND5	158	38
32	ND5	159	21
32	ND5	160	11
32	ND5	161	37
32	ND5	162	10
32	ND5	163	32
32	ND5	164	36
32	ND5	165	39
32	ND5	166	37
32	ND5	167	38
32	ND5	168	38
32	ND5	169	9
32	ND5	170	38
32	ND5	171	39
32	ND5	172	28
32	ND5	173	35
32	ND5	174	37
32	ND5	175	39
32	ND5	176	39
32	ND5	177	35
32	ND5	178	38
32	ND5	179	39
32	ND5	180	32
32	ND5	181	38
32	ND5	182	29
32	ND5	183	29
32	ND5	184	25
32	ND5	185	21
32	ND5	186	8
32	ND5	187	32
32	ND5	188	39
32	ND5	189	33
32	ND5	190	2
32	ND5	191	17
32	ND5	192	14
32	ND5	193	14
32	ND5	194	36
32	ND5	195	25
32	ND5	196	37
32	ND5	197	21
32	ND5	198	5
32	ND5	199	37
32	ND5	200	36
32	ND5	201	12
32	ND5	202	1
32	ND5	203	11
32	ND5	204	23
32	ND5	205	21
32	ND5	206	1
32	ND5	207	23
32	ND5	208	9
32	ND5	209	11
32	ND5	210	11
32	ND5	211	4
32	ND5	212	37
32	ND5	213	37
32	ND5	214	16
32	ND5	215	38
32	ND5	216	35
32	ND5	217	25
32	ND5	218	36
32	ND5	219	39
32	ND5	220	38
32	ND5	221	12
32	ND5	222	38
32	ND5	223	39
32	ND5	224	39
32	ND5	225	39
32	ND5	226	39
32	ND5	227	7
32	ND5	228	38
32	ND5	229	37
32	ND5	230	38
32	ND5	231	38
32	ND5	232	39
32	ND5	233	39
32	ND5	234	39
32	ND5	235	33
32	ND5	236	39
32	ND5	237	39
32	ND5	238	38
32	ND5	239	38
32	ND5	240	39
32	ND5	241	39
32	ND5	242	39
32	ND5	243	39
32	ND5	244	39
32	ND5	245	39
32	ND5	246	39
32	ND5	247	38
32	ND5	248	39
32	ND5	249	39
32	ND5	250	39
32	ND5	251	39
32	ND5	252	38
32	ND5	253	39
32	ND5	254	37
32	ND5	255	39
32	ND5	256	39
32	ND5	257	17
32	ND5	258	38
32	ND5	259	38
32	ND5	260	36
32	ND5	261	34
32	ND5	262	39
32	ND5	263	35
32	ND5	264	19
32	ND5	265	36
32	ND5	266	31
32	ND5	267	4
32	ND5	268	30
32	ND5	269	27
32	ND5	270	5
32	ND5	271	6
32	ND5	272	14
32	ND5	273	21
32	ND5	274	29
32	ND5	275	32
32	ND5	276	20
32	ND5	277	27
32	ND5	278	37
32	ND5	279	36
32	ND5	280	39
32	ND5	281	38
32	ND5	282	38
32	ND5	283	31
32	ND5	284	38
32	ND5	285	36
32	ND5	286	38
32	ND5	287	38
32	ND5	288	10
32	ND5	289	37
32	ND5	290	4
32	ND5	291	38
32	ND5	292	39
32	ND5	293	36
32	ND5	294	38
32	ND5	295	38
32	ND5	296	38
32	ND5	297	39
32	ND5	298	36
32	ND5	299	39
32	ND5	300	39
32	ND5	301	37
32	ND5	302	23
32	ND5	303	39
32	ND5	304	37
32	ND5	305	39
32	ND5	306	39
32	ND5	307	38
32	ND5	308	39
32	ND5	309	39
32	ND5	310	39
32	ND5	311	39
32	ND5	312	39
32	ND5	313	39
32	ND5	314	31
32	ND5	315	35
32	ND5	316	37
32	ND5	317	35
32	ND5	318	38
32	ND5	319	29
32	ND5	320	34
32	ND5	321	36
32	ND5	322	37
32	ND5	323	18
32	ND5	324	37
32	ND5	325	39
32	ND5	326	37
32	ND5	327	35
32	ND5	328	39
32	ND5	329	37
32	ND5	330	36
32	ND5	331	37
32	ND5	332	38
32	ND5	333	39
32	ND5	334	37
32	ND5	335	39
32	ND5	336	39
32	ND5	337	38
32	ND5	338	34
32	ND5	339	38
32	ND5	340	39
32	ND5	341	25
32	ND5	342	37
32	ND5	343	36
32	ND5	344	39
32	ND5	345	36
32	ND5	346	37
32	ND5	347	38
32	ND5	348	38
32	ND5	349	25
32	ND5	350	37
32	ND5	351	37
32	ND5	352	17
32	ND5	353	38
32	ND5	354	39
32	ND5	355	39
32	ND5	356	39
32	ND5	357	39
32	ND5	358	38
32	ND5	359	38
32	ND5	360	39
32	ND5	361	35
32	ND5	362	36
32	ND5	363	9
32	ND5	364	30
32	ND5	365	18
32	ND5	366	28
32	ND5	367	39
32	ND5	368	11
32	ND5	369	39
32	ND5	370	19
32	ND5	371	25
32	ND5	372	19
32	ND5	373	36
32	ND5	374	10
32	ND5	375	31
32	ND5	376	36
32	ND5	377	30
32	ND5	378	37
32	ND5	379	39
32	ND5	380	39
32	ND5	381	5
32	ND5	382	39
32	ND5	383	29
32	ND5	384	39
32	ND5	385	37
32	ND5	386	39
32	ND5	387	29
32	ND5	388	39
32	ND5	389	39
32	ND5	390	36
32	ND5	391	39
32	ND5	392	39
32	ND5	393	39
32	ND5	394	1
32	ND5	395	39
32	ND5	396	38
32	ND5	397	39
32	ND5	398	16
32	ND5	399	25
32	ND5	400	34
32	ND5	401	9
32	ND5	402	37
32	ND5	403	27
32	ND5	404	32
32	ND5	405	39
32	ND5	406	33
32	ND5	407	37
32	ND5	408	38
32	ND5	409	38
32	ND5	410	11
32	ND5	411	20
32	ND5	412	36
32	ND5	413	37
32	ND5	414	24
32	ND5	415	38
32	ND5	416	38
32	ND5	417	36
32	ND5	418	27
32	ND5	419	39
32	ND5	420	8
32	ND5	421	14
32	ND5	422	39
32	ND5	423	39
32	ND5	424	29
32	ND5	425	39
32	ND5	426	11
32	ND5	427	31
32	ND5	428	10
32	ND5	429	9
32	ND5	430	14
32	ND5	431	32
32	ND5	432	11
32	ND5	433	30
32	ND5	434	25
32	ND5	435	36
32	ND5	436	36
32	ND5	437	30
32	ND5	438	22
32	ND5	439	18
32	ND5	440	22
32	ND5	441	14
32	ND5	442	10
32	ND5	443	37
32	ND5	444	38
32	ND5	445	38
32	ND5	446	37
32	ND5	447	32
32	ND5	448	33
32	ND5	449	8
32	ND5	450	33
32	ND5	451	11
32	ND5	452	35
32	ND5	453	23
32	ND5	454	37
32	ND5	455	34
32	ND5	456	38
32	ND5	457	39
32	ND5	458	13
32	ND5	459	3
32	ND5	460	37
32	ND5	461	39
32	ND5	462	9
32	ND5	463	27
32	ND5	464	34
32	ND5	465	39
32	ND5	466	28
32	ND5	467	20
32	ND5	468	31
32	ND5	469	12
32	ND5	470	21
32	ND5	471	27
32	ND5	472	31
32	ND5	473	1
32	ND5	474	39
32	ND5	475	1
32	ND5	476	11
32	ND5	477	2
32	ND5	478	1
32	ND5	479	22
32	ND5	480	6
32	ND5	481	37
32	ND5	482	5
32	ND5	483	37
32	ND5	484	15
32	ND5	485	25
32	ND5	486	28
32	ND5	487	39
32	ND5	488	24
32	ND5	489	24
32	ND5	490	37
32	ND5	491	36
32	ND5	492	8
32	ND5	493	24
32	ND5	494	36
32	ND5	495	3
32	ND5	496	29
32	ND5	497	39
32	ND5	498	12
32	ND5	499	14
32	ND5	500	5
32	ND5	501	37
32	ND5	502	23
32	ND5	503	11
32	ND5	504	31
32	ND5	505	23
32	ND5	506	6
32	ND5	507	17
32	ND5	508	30
32	ND5	509	13
32	ND5	510	13
32	ND5	511	33
32	ND5	512	30
32	ND5	513	11
32	ND5	514	18
32	ND5	515	5
32	ND5	516	24
32	ND5	517	3
32	ND5	518	1
32	ND5	519	12
32	ND5	520	22
32	ND5	521	6
32	ND5	522	38
32	ND5	523	38
32	ND5	524	23
32	ND5	525	15
32	ND5	526	39
32	ND5	527	38
32	ND5	528	16
32	ND5	529	16
32	ND5	530	34
32	ND5	531	4
32	ND5	532	27
32	ND5	533	6
32	ND5	534	37
32	ND5	535	37
32	ND5	536	4
32	ND5	537	11
32	ND5	538	34
32	ND5	539	12
32	ND5	540	14
32	ND5	541	5
32	ND5	542	38
32	ND5	543	12
32	ND5	544	5
32	ND5	545	33
32	ND5	546	37
32	ND5	547	17
32	ND5	548	18
32	ND5	549	4
32	ND5	550	10
32	ND5	551	13
32	ND5	552	36
32	ND5	553	32
32	ND5	554	39
32	ND5	555	22
32	ND5	556	12
32	ND5	557	39
32	ND5	558	28
32	ND5	559	37
32	ND5	560	21
32	ND5	561	8
32	ND5	562	18
32	ND5	563	38
32	ND5	564	35
32	ND5	565	12
32	ND5	566	19
32	ND5	567	23
32	ND5	568	13
32	ND5	569	6
32	ND5	570	30
32	ND5	571	7
32	ND5	572	9
32	ND5	573	4
32	ND5	574	31
32	ND5	575	8
32	ND5	576	5
32	ND5	577	12
32	ND5	578	28
32	ND5	579	11
32	ND5	580	34
32	ND5	581	31
32	ND5	582	37
32	ND5	583	9
32	ND5	584	31
32	ND5	585	39
32	ND5	586	30
32	ND5	587	39
32	ND5	588	34
32	ND5	589	30
32	ND5	590	33
32	ND5	591	36
32	ND5	592	5
32	ND5	593	5
32	ND5	594	10
32	ND5	595	20
32	ND5	596	9
32	ND5	597	27
32	ND5	598	8
32	ND5	599	21
32	ND5	600	17
32	ND5	601	28
32	ND5	602	11
32	ND5	603	4
