loci	common	aa_pos	of39
33	ND6	1	36
33	ND6	2	8
33	ND6	3	34
33	ND6	4	4
33	ND6	5	11
33	ND6	6	31
33	ND6	7	17
33	ND6	8	34
33	ND6	9	34
33	ND6	10	15
33	ND6	11	2
33	ND6	12	16
33	ND6	13	33
33	ND6	14	14
33	ND6	15	28
33	ND6	16	31
33	ND6	17	27
33	ND6	18	29
33	ND6	19	30
33	ND6	20	28
33	ND6	21	34
33	ND6	22	34
33	ND6	23	37
33	ND6	24	36
33	ND6	25	38
33	ND6	26	32
33	ND6	27	36
33	ND6	28	35
33	ND6	29	35
33	ND6	30	33
33	ND6	31	13
33	ND6	32	39
33	ND6	33	28
33	ND6	34	26
33	ND6	35	31
33	ND6	36	34
33	ND6	37	9
33	ND6	38	25
33	ND6	39	38
33	ND6	40	38
33	ND6	41	3
33	ND6	42	23
33	ND6	43	12
33	ND6	44	26
33	ND6	45	17
33	ND6	46	19
33	ND6	47	36
33	ND6	48	35
33	ND6	49	7
33	ND6	50	10
33	ND6	51	9
33	ND6	52	34
33	ND6	53	37
33	ND6	54	28
33	ND6	55	32
33	ND6	56	38
33	ND6	57	39
33	ND6	58	31
33	ND6	59	38
33	ND6	60	39
33	ND6	61	39
33	ND6	62	39
33	ND6	63	38
33	ND6	64	14
33	ND6	65	39
33	ND6	66	38
33	ND6	67	39
33	ND6	68	34
33	ND6	69	38
33	ND6	70	34
33	ND6	71	28
33	ND6	72	36
33	ND6	73	34
33	ND6	74	37
33	ND6	75	10
33	ND6	76	33
33	ND6	77	22
33	ND6	78	36
33	ND6	79	37
33	ND6	80	36
33	ND6	81	13
33	ND6	82	38
33	ND6	83	19
33	ND6	84	35
33	ND6	85	10
33	ND6	86	13
33	ND6	87	9
33	ND6	88	27
33	ND6	89	28
33	ND6	90	8
33	ND6	91	7
33	ND6	92	7
33	ND6	93	16
33	ND6	94	10
33	ND6	95	32
33	ND6	96	23
33	ND6	97	6
33	ND6	98	23
33	ND6	99	33
33	ND6	100	16
33	ND6	101	11
33	ND6	102	17
33	ND6	103	27
33	ND6	104	17
33	ND6	105	14
33	ND6	106	16
33	ND6	107	7
33	ND6	108	6
33	ND6	109	10
33	ND6	110	15
33	ND6	111	9
33	ND6	112	27
33	ND6	113	9
33	ND6	114	19
33	ND6	115	21
33	ND6	116	14
33	ND6	117	13
33	ND6	118	29
33	ND6	119	15
33	ND6	120	8
33	ND6	121	11
33	ND6	122	30
33	ND6	123	8
33	ND6	124	33
33	ND6	125	9
33	ND6	126	21
33	ND6	127	23
33	ND6	128	13
33	ND6	129	15
33	ND6	130	10
33	ND6	131	17
33	ND6	132	20
33	ND6	133	31
33	ND6	134	13
33	ND6	135	9
33	ND6	136	17
33	ND6	137	29
33	ND6	138	19
33	ND6	139	7
33	ND6	140	11
33	ND6	141	38
33	ND6	142	12
33	ND6	143	10
33	ND6	144	30
33	ND6	145	33
33	ND6	146	38
33	ND6	147	10
33	ND6	148	28
33	ND6	149	35
33	ND6	150	9
33	ND6	151	35
33	ND6	152	25
33	ND6	153	23
33	ND6	154	21
33	ND6	155	32
33	ND6	156	22
33	ND6	157	35
33	ND6	158	38
33	ND6	159	9
33	ND6	160	38
33	ND6	161	23
33	ND6	162	20
33	ND6	163	24
33	ND6	164	24
33	ND6	165	10
33	ND6	166	16
33	ND6	167	18
33	ND6	168	17
33	ND6	169	36
33	ND6	170	25
33	ND6	171	7
33	ND6	172	37
33	ND6	173	33
33	ND6	174	20
