loci	common	aa_pos	of39
35	CYTB	1	39
35	CYTB	2	31
35	CYTB	3	35
35	CYTB	4	9
35	CYTB	5	7
35	CYTB	6	39
35	CYTB	7	38
35	CYTB	8	19
35	CYTB	9	8
35	CYTB	10	39
35	CYTB	11	36
35	CYTB	12	20
35	CYTB	13	39
35	CYTB	14	8
35	CYTB	15	27
35	CYTB	16	39
35	CYTB	17	21
35	CYTB	18	30
35	CYTB	19	30
35	CYTB	20	35
35	CYTB	21	39
35	CYTB	22	39
35	CYTB	23	39
35	CYTB	24	20
35	CYTB	25	39
35	CYTB	26	38
35	CYTB	27	39
35	CYTB	28	38
35	CYTB	29	39
35	CYTB	30	14
35	CYTB	31	38
35	CYTB	32	39
35	CYTB	33	39
35	CYTB	34	39
35	CYTB	35	39
35	CYTB	36	39
35	CYTB	37	39
35	CYTB	38	39
35	CYTB	39	36
35	CYTB	40	11
35	CYTB	41	38
35	CYTB	42	39
35	CYTB	43	29
35	CYTB	44	19
35	CYTB	45	39
35	CYTB	46	38
35	CYTB	47	6
35	CYTB	48	39
35	CYTB	49	39
35	CYTB	50	38
35	CYTB	51	38
35	CYTB	52	39
35	CYTB	53	38
35	CYTB	54	39
35	CYTB	55	39
35	CYTB	56	38
35	CYTB	57	9
35	CYTB	58	16
35	CYTB	59	38
35	CYTB	60	7
35	CYTB	61	13
35	CYTB	62	33
35	CYTB	63	39
35	CYTB	64	39
35	CYTB	65	38
35	CYTB	66	39
35	CYTB	67	9
35	CYTB	68	16
35	CYTB	69	38
35	CYTB	70	37
35	CYTB	71	10
35	CYTB	72	38
35	CYTB	73	37
35	CYTB	74	38
35	CYTB	75	37
35	CYTB	76	38
35	CYTB	77	39
35	CYTB	78	38
35	CYTB	79	16
35	CYTB	80	37
35	CYTB	81	39
35	CYTB	82	29
35	CYTB	83	29
35	CYTB	84	38
35	CYTB	85	37
35	CYTB	86	39
35	CYTB	87	39
35	CYTB	88	38
35	CYTB	89	39
35	CYTB	90	30
35	CYTB	91	35
35	CYTB	92	39
35	CYTB	93	31
35	CYTB	94	38
35	CYTB	95	33
35	CYTB	96	28
35	CYTB	97	22
35	CYTB	98	39
35	CYTB	99	14
35	CYTB	100	38
35	CYTB	101	39
35	CYTB	102	38
35	CYTB	103	34
35	CYTB	104	39
35	CYTB	105	39
35	CYTB	106	38
35	CYTB	107	39
35	CYTB	108	10
35	CYTB	109	15
35	CYTB	110	11
35	CYTB	111	3
35	CYTB	112	34
35	CYTB	113	39
35	CYTB	114	39
35	CYTB	115	38
35	CYTB	116	37
35	CYTB	117	39
35	CYTB	118	22
35	CYTB	119	27
35	CYTB	120	37
35	CYTB	121	39
35	CYTB	122	15
35	CYTB	123	11
35	CYTB	124	15
35	CYTB	125	39
35	CYTB	126	33
35	CYTB	127	38
35	CYTB	128	39
35	CYTB	129	39
35	CYTB	130	32
35	CYTB	131	39
35	CYTB	132	39
35	CYTB	133	39
35	CYTB	134	39
35	CYTB	135	39
35	CYTB	136	39
35	CYTB	137	39
35	CYTB	138	39
35	CYTB	139	39
35	CYTB	140	39
35	CYTB	141	39
35	CYTB	142	39
35	CYTB	143	38
35	CYTB	144	39
35	CYTB	145	39
35	CYTB	146	39
35	CYTB	147	39
35	CYTB	148	39
35	CYTB	149	39
35	CYTB	150	39
35	CYTB	151	37
35	CYTB	152	38
35	CYTB	153	39
35	CYTB	154	33
35	CYTB	155	39
35	CYTB	156	39
35	CYTB	157	32
35	CYTB	158	39
35	CYTB	159	31
35	CYTB	160	14
35	CYTB	161	38
35	CYTB	162	39
35	CYTB	163	15
35	CYTB	164	39
35	CYTB	165	27
35	CYTB	166	38
35	CYTB	167	39
35	CYTB	168	38
35	CYTB	169	8
35	CYTB	170	36
35	CYTB	171	37
35	CYTB	172	37
35	CYTB	173	7
35	CYTB	174	10
35	CYTB	175	39
35	CYTB	176	39
35	CYTB	177	37
35	CYTB	178	39
35	CYTB	179	39
35	CYTB	180	38
35	CYTB	181	11
35	CYTB	182	31
35	CYTB	183	39
35	CYTB	184	39
35	CYTB	185	33
35	CYTB	186	37
35	CYTB	187	39
35	CYTB	188	39
35	CYTB	189	29
35	CYTB	190	32
35	CYTB	191	13
35	CYTB	192	36
35	CYTB	193	32
35	CYTB	194	18
35	CYTB	195	8
35	CYTB	196	8
35	CYTB	197	39
35	CYTB	198	39
35	CYTB	199	33
35	CYTB	200	39
35	CYTB	201	39
35	CYTB	202	39
35	CYTB	203	38
35	CYTB	204	36
35	CYTB	205	39
35	CYTB	206	39
35	CYTB	207	37
35	CYTB	208	39
35	CYTB	209	39
35	CYTB	210	10
35	CYTB	211	39
35	CYTB	212	29
35	CYTB	213	7
35	CYTB	214	37
35	CYTB	215	6
35	CYTB	216	17
35	CYTB	217	39
35	CYTB	218	39
35	CYTB	219	37
35	CYTB	220	7
35	CYTB	221	39
35	CYTB	222	39
35	CYTB	223	39
35	CYTB	224	39
35	CYTB	225	33
35	CYTB	226	34
35	CYTB	227	28
35	CYTB	228	39
35	CYTB	229	39
35	CYTB	230	3
35	CYTB	231	36
35	CYTB	232	39
35	CYTB	233	16
35	CYTB	234	21
35	CYTB	235	24
35	CYTB	236	6
35	CYTB	237	18
35	CYTB	238	29
35	CYTB	239	2
35	CYTB	240	37
35	CYTB	241	17
35	CYTB	242	16
35	CYTB	243	39
35	CYTB	244	13
35	CYTB	245	38
35	CYTB	246	34
35	CYTB	247	25
35	CYTB	248	39
35	CYTB	249	32
35	CYTB	250	35
35	CYTB	251	39
35	CYTB	252	34
35	CYTB	253	39
35	CYTB	254	39
35	CYTB	255	35
35	CYTB	256	39
35	CYTB	257	33
35	CYTB	258	31
35	CYTB	259	7
35	CYTB	260	38
35	CYTB	261	35
35	CYTB	262	38
35	CYTB	263	38
35	CYTB	264	18
35	CYTB	265	39
35	CYTB	266	39
35	CYTB	267	34
35	CYTB	268	39
35	CYTB	269	39
35	CYTB	270	38
35	CYTB	271	39
35	CYTB	272	39
35	CYTB	273	39
35	CYTB	274	39
35	CYTB	275	39
35	CYTB	276	39
35	CYTB	277	38
35	CYTB	278	38
35	CYTB	279	39
35	CYTB	280	5
35	CYTB	281	39
35	CYTB	282	39
35	CYTB	283	39
35	CYTB	284	39
35	CYTB	285	9
35	CYTB	286	38
35	CYTB	287	39
35	CYTB	288	39
35	CYTB	289	39
35	CYTB	290	39
35	CYTB	291	39
35	CYTB	292	39
35	CYTB	293	35
35	CYTB	294	39
35	CYTB	295	38
35	CYTB	296	11
35	CYTB	297	26
35	CYTB	298	39
35	CYTB	299	38
35	CYTB	300	37
35	CYTB	301	31
35	CYTB	302	39
35	CYTB	303	23
35	CYTB	304	3
35	CYTB	305	25
35	CYTB	306	39
35	CYTB	307	5
35	CYTB	308	37
35	CYTB	309	38
35	CYTB	310	6
35	CYTB	311	36
35	CYTB	312	37
35	CYTB	313	36
35	CYTB	314	11
35	CYTB	315	32
35	CYTB	316	30
35	CYTB	317	29
35	CYTB	318	37
35	CYTB	319	38
35	CYTB	320	39
35	CYTB	321	24
35	CYTB	322	32
35	CYTB	323	39
35	CYTB	324	1
35	CYTB	325	31
35	CYTB	326	9
35	CYTB	327	39
35	CYTB	328	16
35	CYTB	329	38
35	CYTB	330	5
35	CYTB	331	29
35	CYTB	332	29
35	CYTB	333	35
35	CYTB	334	32
35	CYTB	335	10
35	CYTB	336	39
35	CYTB	337	39
35	CYTB	338	39
35	CYTB	339	39
35	CYTB	340	39
35	CYTB	341	33
35	CYTB	342	36
35	CYTB	343	39
35	CYTB	344	39
35	CYTB	345	7
35	CYTB	346	10
35	CYTB	347	39
35	CYTB	348	27
35	CYTB	349	3
35	CYTB	350	22
35	CYTB	351	36
35	CYTB	352	38
35	CYTB	353	39
35	CYTB	354	13
35	CYTB	355	38
35	CYTB	356	38
35	CYTB	357	10
35	CYTB	358	26
35	CYTB	359	39
35	CYTB	360	39
35	CYTB	361	12
35	CYTB	362	12
35	CYTB	363	31
35	CYTB	364	35
35	CYTB	365	19
35	CYTB	366	31
35	CYTB	367	31
35	CYTB	368	38
35	CYTB	369	5
35	CYTB	370	4
35	CYTB	371	20
35	CYTB	372	19
35	CYTB	373	26
35	CYTB	374	38
35	CYTB	375	37
35	CYTB	376	21
35	CYTB	377	14
35	CYTB	378	33
35	CYTB	379	38
35	CYTB	380	38
35	CYTB	381	33
35	CYTB	382	34
35	CYTB	383	3
35	CYTB	384	37
35	CYTB	385	38
35	CYTB	386	38
35	CYTB	387	38
35	CYTB	388	38
