loci	common	aa_pos	of39
6	ND1	1	37
6	ND1	2	6
6	ND1	3	21
6	ND1	4	2
6	ND1	5	36
6	ND1	6	16
6	ND1	7	36
6	ND1	8	18
6	ND1	9	34
6	ND1	10	32
6	ND1	11	10
6	ND1	12	33
6	ND1	13	27
6	ND1	14	37
6	ND1	15	11
6	ND1	16	38
6	ND1	17	17
6	ND1	18	38
6	ND1	19	38
6	ND1	20	39
6	ND1	21	7
6	ND1	22	38
6	ND1	23	8
6	ND1	24	39
6	ND1	25	39
6	ND1	26	39
6	ND1	27	18
6	ND1	28	38
6	ND1	29	38
6	ND1	30	36
6	ND1	31	35
6	ND1	32	39
6	ND1	33	30
6	ND1	34	39
6	ND1	35	39
6	ND1	36	39
6	ND1	37	39
6	ND1	38	39
6	ND1	39	11
6	ND1	40	37
6	ND1	41	39
6	ND1	42	36
6	ND1	43	28
6	ND1	44	39
6	ND1	45	35
6	ND1	46	37
6	ND1	47	39
6	ND1	48	39
6	ND1	49	19
6	ND1	50	38
6	ND1	51	39
6	ND1	52	35
6	ND1	53	13
6	ND1	54	39
6	ND1	55	39
6	ND1	56	37
6	ND1	57	27
6	ND1	58	39
6	ND1	59	39
6	ND1	60	37
6	ND1	61	30
6	ND1	62	10
6	ND1	63	39
6	ND1	64	6
6	ND1	65	37
6	ND1	66	36
6	ND1	67	11
6	ND1	68	10
6	ND1	69	13
6	ND1	70	21
6	ND1	71	13
6	ND1	72	33
6	ND1	73	5
6	ND1	74	35
6	ND1	75	39
6	ND1	76	14
6	ND1	77	34
6	ND1	78	35
6	ND1	79	36
6	ND1	80	25
6	ND1	81	11
6	ND1	82	37
6	ND1	83	36
6	ND1	84	10
6	ND1	85	14
6	ND1	86	39
6	ND1	87	11
6	ND1	88	38
6	ND1	89	34
6	ND1	90	38
6	ND1	91	36
6	ND1	92	38
6	ND1	93	8
6	ND1	94	34
6	ND1	95	38
6	ND1	96	8
6	ND1	97	31
6	ND1	98	18
6	ND1	99	39
6	ND1	100	37
6	ND1	101	36
6	ND1	102	16
6	ND1	103	38
6	ND1	104	38
6	ND1	105	20
6	ND1	106	39
6	ND1	107	36
6	ND1	108	13
6	ND1	109	38
6	ND1	110	37
6	ND1	111	39
6	ND1	112	26
6	ND1	113	39
6	ND1	114	39
6	ND1	115	36
6	ND1	116	35
6	ND1	117	38
6	ND1	118	36
6	ND1	119	38
6	ND1	120	39
6	ND1	121	39
6	ND1	122	36
6	ND1	123	38
6	ND1	124	39
6	ND1	125	39
6	ND1	126	11
6	ND1	127	39
6	ND1	128	37
6	ND1	129	39
6	ND1	130	32
6	ND1	131	39
6	ND1	132	36
6	ND1	133	38
6	ND1	134	39
6	ND1	135	39
6	ND1	136	39
6	ND1	137	39
6	ND1	138	39
6	ND1	139	38
6	ND1	140	39
6	ND1	141	39
6	ND1	142	39
6	ND1	143	39
6	ND1	144	36
6	ND1	145	36
6	ND1	146	35
6	ND1	147	34
6	ND1	148	32
6	ND1	149	38
6	ND1	150	37
6	ND1	151	39
6	ND1	152	35
6	ND1	153	6
6	ND1	154	31
6	ND1	155	34
6	ND1	156	30
6	ND1	157	18
6	ND1	158	39
6	ND1	159	35
6	ND1	160	32
6	ND1	161	11
6	ND1	162	37
6	ND1	163	24
6	ND1	164	27
6	ND1	165	35
6	ND1	166	29
6	ND1	167	22
6	ND1	168	37
6	ND1	169	39
6	ND1	170	37
6	ND1	171	17
6	ND1	172	16
6	ND1	173	37
6	ND1	174	35
6	ND1	175	17
6	ND1	176	17
6	ND1	177	32
6	ND1	178	16
6	ND1	179	38
6	ND1	180	39
6	ND1	181	34
6	ND1	182	33
6	ND1	183	33
6	ND1	184	38
6	ND1	185	39
6	ND1	186	32
6	ND1	187	33
6	ND1	188	38
6	ND1	189	38
6	ND1	190	39
6	ND1	191	39
6	ND1	192	39
6	ND1	193	39
6	ND1	194	39
6	ND1	195	39
6	ND1	196	7
6	ND1	197	39
6	ND1	198	39
6	ND1	199	39
6	ND1	200	38
6	ND1	201	3
6	ND1	202	39
6	ND1	203	39
6	ND1	204	39
6	ND1	205	39
6	ND1	206	39
6	ND1	207	39
6	ND1	208	39
6	ND1	209	39
6	ND1	210	39
6	ND1	211	39
6	ND1	212	38
6	ND1	213	7
6	ND1	214	39
6	ND1	215	39
6	ND1	216	35
6	ND1	217	35
6	ND1	218	38
6	ND1	219	37
6	ND1	220	37
6	ND1	221	39
6	ND1	222	32
6	ND1	223	38
6	ND1	224	38
6	ND1	225	23
6	ND1	226	39
6	ND1	227	39
6	ND1	228	39
6	ND1	229	10
6	ND1	230	38
6	ND1	231	39
6	ND1	232	32
6	ND1	233	28
6	ND1	234	39
6	ND1	235	38
6	ND1	236	8
6	ND1	237	28
6	ND1	238	36
6	ND1	239	21
6	ND1	240	12
6	ND1	241	14
6	ND1	242	39
6	ND1	243	30
6	ND1	244	33
6	ND1	245	15
6	ND1	246	7
6	ND1	247	11
6	ND1	248	3
6	ND1	249	3
6	ND1	250	2
6	ND1	251	8
6	ND1	252	36
6	ND1	253	36
6	ND1	254	31
6	ND1	255	23
6	ND1	256	29
6	ND1	257	12
6	ND1	258	3
6	ND1	259	31
6	ND1	260	6
6	ND1	261	11
6	ND1	262	36
6	ND1	263	27
6	ND1	264	32
6	ND1	265	29
6	ND1	266	37
6	ND1	267	32
6	ND1	268	14
6	ND1	269	14
6	ND1	270	39
6	ND1	271	38
6	ND1	272	39
6	ND1	273	30
6	ND1	274	39
6	ND1	275	6
6	ND1	276	6
6	ND1	277	38
6	ND1	278	39
6	ND1	279	39
6	ND1	280	38
6	ND1	281	38
6	ND1	282	39
6	ND1	283	39
6	ND1	284	38
6	ND1	285	39
6	ND1	286	39
6	ND1	287	36
6	ND1	288	39
6	ND1	289	36
6	ND1	290	39
6	ND1	291	39
6	ND1	292	33
6	ND1	293	39
6	ND1	294	39
6	ND1	295	38
6	ND1	296	35
6	ND1	297	38
6	ND1	298	39
6	ND1	299	35
6	ND1	300	31
6	ND1	301	10
6	ND1	302	32
6	ND1	303	38
6	ND1	304	9
6	ND1	305	13
6	ND1	306	33
6	ND1	307	11
6	ND1	308	36
6	ND1	309	31
6	ND1	310	9
6	ND1	311	7
6	ND1	312	19
6	ND1	313	20
6	ND1	314	29
6	ND1	315	38
6	ND1	316	37
6	ND1	317	33
6	ND1	318	27
