loci	common	aa_pos	of39
10	ND2	1	39
10	ND2	2	32
10	ND2	3	38
10	ND2	4	19
10	ND2	5	12
10	ND2	6	10
10	ND2	7	8
10	ND2	8	2
10	ND2	9	31
10	ND2	10	15
10	ND2	11	6
10	ND2	12	33
10	ND2	13	38
10	ND2	14	12
10	ND2	15	14
10	ND2	16	7
10	ND2	17	37
10	ND2	18	36
10	ND2	19	14
10	ND2	20	30
10	ND2	21	22
10	ND2	22	6
10	ND2	23	12
10	ND2	24	38
10	ND2	25	32
10	ND2	26	36
10	ND2	27	36
10	ND2	28	10
10	ND2	29	7
10	ND2	30	7
10	ND2	31	39
10	ND2	32	10
10	ND2	33	38
10	ND2	34	24
10	ND2	35	39
10	ND2	36	30
10	ND2	37	34
10	ND2	38	23
10	ND2	39	36
10	ND2	40	37
10	ND2	41	12
10	ND2	42	34
10	ND2	43	39
10	ND2	44	8
10	ND2	45	28
10	ND2	46	12
10	ND2	47	27
10	ND2	48	24
10	ND2	49	6
10	ND2	50	22
10	ND2	51	35
10	ND2	52	38
10	ND2	53	22
10	ND2	54	25
10	ND2	55	39
10	ND2	56	37
10	ND2	57	22
10	ND2	58	11
10	ND2	59	39
10	ND2	60	39
10	ND2	61	37
10	ND2	62	36
10	ND2	63	34
10	ND2	64	39
10	ND2	65	32
10	ND2	66	33
10	ND2	67	39
10	ND2	68	38
10	ND2	69	31
10	ND2	70	16
10	ND2	71	32
10	ND2	72	14
10	ND2	73	26
10	ND2	74	28
10	ND2	75	23
10	ND2	76	8
10	ND2	77	1
10	ND2	78	38
10	ND2	79	9
10	ND2	80	17
10	ND2	81	9
10	ND2	82	28
10	ND2	83	37
10	ND2	84	29
10	ND2	85	37
10	ND2	86	38
10	ND2	87	30
10	ND2	88	5
10	ND2	89	17
10	ND2	90	12
10	ND2	91	8
10	ND2	92	14
10	ND2	93	36
10	ND2	94	12
10	ND2	95	7
10	ND2	96	16
10	ND2	97	31
10	ND2	98	11
10	ND2	99	22
10	ND2	100	11
10	ND2	101	5
10	ND2	102	11
10	ND2	103	37
10	ND2	104	6
10	ND2	105	21
10	ND2	106	29
10	ND2	107	39
10	ND2	108	35
10	ND2	109	39
10	ND2	110	16
10	ND2	111	28
10	ND2	112	38
10	ND2	113	37
10	ND2	114	38
10	ND2	115	38
10	ND2	116	35
10	ND2	117	38
10	ND2	118	31
10	ND2	119	39
10	ND2	120	38
10	ND2	121	38
10	ND2	122	32
10	ND2	123	38
10	ND2	124	39
10	ND2	125	7
10	ND2	126	21
10	ND2	127	36
10	ND2	128	15
10	ND2	129	26
10	ND2	130	34
10	ND2	131	29
10	ND2	132	13
10	ND2	133	38
10	ND2	134	35
10	ND2	135	39
10	ND2	136	38
10	ND2	137	38
10	ND2	138	39
10	ND2	139	29
10	ND2	140	36
10	ND2	141	39
10	ND2	142	12
10	ND2	143	33
10	ND2	144	26
10	ND2	145	10
10	ND2	146	30
10	ND2	147	35
10	ND2	148	28
10	ND2	149	20
10	ND2	150	25
10	ND2	151	27
10	ND2	152	12
10	ND2	153	36
10	ND2	154	5
10	ND2	155	3
10	ND2	156	38
10	ND2	157	22
10	ND2	158	22
10	ND2	159	26
10	ND2	160	22
10	ND2	161	17
10	ND2	162	17
10	ND2	163	17
10	ND2	164	28
10	ND2	165	39
10	ND2	166	28
10	ND2	167	9
10	ND2	168	4
10	ND2	169	38
10	ND2	170	9
10	ND2	171	38
10	ND2	172	36
10	ND2	173	39
10	ND2	174	39
10	ND2	175	39
10	ND2	176	39
10	ND2	177	39
10	ND2	178	37
10	ND2	179	35
10	ND2	180	38
10	ND2	181	39
10	ND2	182	34
10	ND2	183	20
10	ND2	184	37
10	ND2	185	33
10	ND2	186	38
10	ND2	187	39
10	ND2	188	39
10	ND2	189	10
10	ND2	190	38
10	ND2	191	33
10	ND2	192	38
10	ND2	193	39
10	ND2	194	38
10	ND2	195	11
10	ND2	196	27
10	ND2	197	15
10	ND2	198	27
10	ND2	199	14
10	ND2	200	32
10	ND2	201	33
10	ND2	202	36
10	ND2	203	9
10	ND2	204	13
10	ND2	205	28
10	ND2	206	18
10	ND2	207	35
10	ND2	208	31
10	ND2	209	33
10	ND2	210	13
10	ND2	211	31
10	ND2	212	39
10	ND2	213	29
10	ND2	214	15
10	ND2	215	18
10	ND2	216	37
10	ND2	217	9
10	ND2	218	25
10	ND2	219	5
10	ND2	220	36
10	ND2	221	14
10	ND2	222	17
10	ND2	223	21
10	ND2	224	9
10	ND2	225	14
10	ND2	226	24
10	ND2	227	31
10	ND2	228	20
10	ND2	229	35
10	ND2	230	28
10	ND2	231	25
10	ND2	232	27
10	ND2	233	6
10	ND2	234	36
10	ND2	235	31
10	ND2	236	8
10	ND2	237	22
10	ND2	238	37
10	ND2	239	34
10	ND2	240	38
10	ND2	241	9
10	ND2	242	10
10	ND2	243	8
10	ND2	244	14
10	ND2	245	25
10	ND2	246	10
10	ND2	247	24
10	ND2	248	22
10	ND2	249	8
10	ND2	250	8
10	ND2	251	22
10	ND2	252	31
10	ND2	253	32
10	ND2	254	39
10	ND2	255	30
10	ND2	256	37
10	ND2	257	39
10	ND2	258	39
10	ND2	259	39
10	ND2	260	39
10	ND2	261	37
10	ND2	262	20
10	ND2	263	38
10	ND2	264	38
10	ND2	265	14
10	ND2	266	38
10	ND2	267	38
10	ND2	268	38
10	ND2	269	7
10	ND2	270	32
10	ND2	271	35
10	ND2	272	7
10	ND2	273	37
10	ND2	274	6
10	ND2	275	28
10	ND2	276	30
10	ND2	277	32
10	ND2	278	17
10	ND2	279	14
10	ND2	280	11
10	ND2	281	32
10	ND2	282	10
10	ND2	283	29
10	ND2	284	33
10	ND2	285	11
10	ND2	286	35
10	ND2	287	32
10	ND2	288	2
10	ND2	289	7
10	ND2	290	10
10	ND2	291	39
10	ND2	292	34
10	ND2	293	33
10	ND2	294	38
10	ND2	295	29
10	ND2	296	39
10	ND2	297	39
10	ND2	298	12
10	ND2	299	39
10	ND2	300	36
10	ND2	301	17
10	ND2	302	39
10	ND2	303	28
10	ND2	304	24
10	ND2	305	23
10	ND2	306	8
10	ND2	307	38
10	ND2	308	13
10	ND2	309	9
10	ND2	310	37
10	ND2	311	6
10	ND2	312	14
10	ND2	313	34
10	ND2	314	37
10	ND2	315	7
10	ND2	316	34
10	ND2	317	30
10	ND2	318	26
10	ND2	319	36
10	ND2	320	27
10	ND2	321	26
10	ND2	322	22
10	ND2	323	5
10	ND2	324	27
10	ND2	325	32
10	ND2	326	13
10	ND2	327	15
10	ND2	328	13
10	ND2	329	7
10	ND2	330	27
10	ND2	331	28
10	ND2	332	20
10	ND2	333	28
10	ND2	334	18
10	ND2	335	2
10	ND2	336	20
10	ND2	337	8
10	ND2	338	28
10	ND2	339	18
10	ND2	340	30
10	ND2	341	38
10	ND2	342	37
10	ND2	343	11
10	ND2	344	14
10	ND2	345	36
10	ND2	346	4
10	ND2	347	9
10	ND2	348	38
10	ND2	349	38
10	ND2	350	38
10	ND2	351	38
10	ND2	352	38
10	ND2	353	38
10	ND2	354	38
10	ND2	355	11
10	ND2	356	6
10	ND2	357	8
10	ND2	358	7
10	ND2	359	37
19	CO2	1	39
19	CO2	2	35
19	CO2	3	13
19	CO2	4	7
19	CO2	5	8
19	CO2	6	35
19	CO2	7	7
19	CO2	8	38
19	CO2	9	16
19	CO2	10	38
19	CO2	11	38
19	CO2	12	38
19	CO2	13	29
19	CO2	14	38
19	CO2	15	39
19	CO2	16	33
19	CO2	17	39
19	CO2	18	39
19	CO2	19	38
19	CO2	20	39
19	CO2	21	9
19	CO2	22	3
19	CO2	23	39
19	CO2	24	38
19	CO2	25	39
19	CO2	26	38
19	CO2	27	14
19	CO2	28	38
19	CO2	29	38
19	CO2	30	34
19	CO2	31	9
19	CO2	32	35
19	CO2	33	36
19	CO2	34	39
19	CO2	35	7
19	CO2	36	9
19	CO2	37	39
19	CO2	38	38
19	CO2	39	37
19	CO2	40	39
19	CO2	41	9
19	CO2	42	10
19	CO2	43	9
19	CO2	44	29
19	CO2	45	9
19	CO2	46	36
19	CO2	47	34
19	CO2	48	35
19	CO2	49	36
19	CO2	50	38
19	CO2	51	34
19	CO2	52	12
19	CO2	53	34
19	CO2	54	12
19	CO2	55	10
19	CO2	56	7
19	CO2	57	34
19	CO2	58	35
19	CO2	59	39
19	CO2	60	38
19	CO2	61	10
19	CO2	62	39
19	CO2	63	33
19	CO2	64	14
19	CO2	65	39
19	CO2	66	39
19	CO2	67	38
19	CO2	68	38
19	CO2	69	39
19	CO2	70	39
19	CO2	71	33
19	CO2	72	36
19	CO2	73	39
19	CO2	74	8
19	CO2	75	31
19	CO2	76	38
19	CO2	77	39
19	CO2	78	39
19	CO2	79	39
19	CO2	80	39
19	CO2	81	39
19	CO2	82	37
19	CO2	83	36
19	CO2	84	39
19	CO2	85	39
19	CO2	86	29
19	CO2	87	10
19	CO2	88	39
19	CO2	89	39
19	CO2	90	6
19	CO2	91	37
19	CO2	92	11
19	CO2	93	39
19	CO2	94	27
19	CO2	95	29
19	CO2	96	39
19	CO2	97	16
19	CO2	98	39
19	CO2	99	9
19	CO2	100	14
19	CO2	101	39
19	CO2	102	39
19	CO2	103	39
19	CO2	104	39
19	CO2	105	38
19	CO2	106	39
19	CO2	107	9
19	CO2	108	39
19	CO2	109	39
19	CO2	110	39
19	CO2	111	35
19	CO2	112	38
19	CO2	113	35
19	CO2	114	9
19	CO2	115	9
19	CO2	116	38
19	CO2	117	9
19	CO2	118	38
19	CO2	119	9
19	CO2	120	39
19	CO2	121	39
19	CO2	122	38
19	CO2	123	9
19	CO2	124	37
19	CO2	125	9
19	CO2	126	9
19	CO2	127	9
19	CO2	128	39
19	CO2	129	8
19	CO2	130	34
19	CO2	131	38
19	CO2	132	12
19	CO2	133	31
19	CO2	134	39
19	CO2	135	39
19	CO2	136	39
19	CO2	137	7
19	CO2	138	37
19	CO2	139	39
19	CO2	140	35
19	CO2	141	38
19	CO2	142	31
19	CO2	143	35
19	CO2	144	35
19	CO2	145	38
19	CO2	146	5
19	CO2	147	33
19	CO2	148	10
19	CO2	149	19
19	CO2	150	25
19	CO2	151	39
19	CO2	152	30
19	CO2	153	9
19	CO2	154	29
19	CO2	155	14
19	CO2	156	34
19	CO2	157	10
19	CO2	158	39
19	CO2	159	39
19	CO2	160	37
19	CO2	161	38
19	CO2	162	38
19	CO2	163	39
19	CO2	164	31
19	CO2	165	33
19	CO2	166	39
19	CO2	167	6
19	CO2	168	37
19	CO2	169	39
19	CO2	170	30
19	CO2	171	39
19	CO2	172	34
19	CO2	173	39
19	CO2	174	38
19	CO2	175	33
19	CO2	176	39
19	CO2	177	39
19	CO2	178	39
19	CO2	179	39
19	CO2	180	38
19	CO2	181	39
19	CO2	182	25
19	CO2	183	30
19	CO2	184	13
19	CO2	185	16
19	CO2	186	15
19	CO2	187	26
19	CO2	188	38
19	CO2	189	39
19	CO2	190	39
19	CO2	191	15
19	CO2	192	23
19	CO2	193	39
19	CO2	194	39
19	CO2	195	39
19	CO2	196	39
19	CO2	197	39
19	CO2	198	39
19	CO2	199	39
19	CO2	200	39
19	CO2	201	39
19	CO2	202	16
19	CO2	203	39
19	CO2	204	39
19	CO2	205	39
19	CO2	206	38
19	CO2	207	39
19	CO2	208	39
19	CO2	209	39
19	CO2	210	37
19	CO2	211	31
19	CO2	212	39
19	CO2	213	23
19	CO2	214	11
19	CO2	215	37
19	CO2	216	37
19	CO2	217	27
19	CO2	218	9
19	CO2	219	39
19	CO2	220	37
19	CO2	221	9
19	CO2	222	9
19	CO2	223	9
19	CO2	224	10
19	CO2	225	9
19	CO2	226	7
19	CO2	227	26
19	CO2	228	37
19	CO2	229	33
19	CO2	230	30
22	ATP6	1	39
22	ATP6	2	38
22	ATP6	3	38
22	ATP6	4	38
22	ATP6	5	38
22	ATP6	6	38
22	ATP6	7	38
22	ATP6	8	38
22	ATP6	9	38
22	ATP6	10	34
22	ATP6	11	32
22	ATP6	12	33
22	ATP6	13	36
22	ATP6	14	38
22	ATP6	15	25
22	ATP6	16	25
22	ATP6	17	39
22	ATP6	18	17
22	ATP6	19	8
22	ATP6	20	38
22	ATP6	21	26
22	ATP6	22	13
22	ATP6	23	21
22	ATP6	24	36
22	ATP6	25	24
22	ATP6	26	34
22	ATP6	27	9
22	ATP6	28	8
22	ATP6	29	10
22	ATP6	30	28
22	ATP6	31	29
22	ATP6	32	27
22	ATP6	33	16
22	ATP6	34	30
22	ATP6	35	37
22	ATP6	36	6
22	ATP6	37	18
22	ATP6	38	35
22	ATP6	39	10
22	ATP6	40	31
22	ATP6	41	18
22	ATP6	42	16
22	ATP6	43	38
22	ATP6	44	35
22	ATP6	45	12
22	ATP6	46	3
22	ATP6	47	31
22	ATP6	48	30
22	ATP6	49	29
22	ATP6	50	37
22	ATP6	51	37
22	ATP6	52	27
22	ATP6	53	21
22	ATP6	54	13
22	ATP6	55	7
22	ATP6	56	37
22	ATP6	57	29
22	ATP6	58	36
22	ATP6	59	31
22	ATP6	60	24
22	ATP6	61	7
22	ATP6	62	33
22	ATP6	63	20
22	ATP6	64	18
22	ATP6	65	37
22	ATP6	66	37
22	ATP6	67	30
22	ATP6	68	32
22	ATP6	69	17
22	ATP6	70	9
22	ATP6	71	34
22	ATP6	72	30
22	ATP6	73	9
22	ATP6	74	32
22	ATP6	75	39
22	ATP6	76	16
22	ATP6	77	30
22	ATP6	78	37
22	ATP6	79	21
22	ATP6	80	38
22	ATP6	81	38
22	ATP6	82	33
22	ATP6	83	36
22	ATP6	84	6
22	ATP6	85	35
22	ATP6	86	39
22	ATP6	87	31
22	ATP6	88	10
22	ATP6	89	35
22	ATP6	90	35
22	ATP6	91	10
22	ATP6	92	6
22	ATP6	93	33
22	ATP6	94	39
22	ATP6	95	35
22	ATP6	96	38
22	ATP6	97	39
22	ATP6	98	36
22	ATP6	99	35
22	ATP6	100	39
22	ATP6	101	28
22	ATP6	102	29
22	ATP6	103	39
22	ATP6	104	38
22	ATP6	105	38
22	ATP6	106	39
22	ATP6	107	38
22	ATP6	108	38
22	ATP6	109	39
22	ATP6	110	37
22	ATP6	111	34
22	ATP6	112	37
22	ATP6	113	31
22	ATP6	114	12
22	ATP6	115	34
22	ATP6	116	38
22	ATP6	117	33
22	ATP6	118	39
22	ATP6	119	39
22	ATP6	120	39
22	ATP6	121	28
22	ATP6	122	28
22	ATP6	123	28
22	ATP6	124	36
22	ATP6	125	19
22	ATP6	126	14
22	ATP6	127	38
22	ATP6	128	29
22	ATP6	129	37
22	ATP6	130	2
22	ATP6	131	34
22	ATP6	132	1
22	ATP6	133	34
22	ATP6	134	9
22	ATP6	135	8
22	ATP6	136	38
22	ATP6	137	35
22	ATP6	138	39
22	ATP6	139	24
22	ATP6	140	37
22	ATP6	141	39
22	ATP6	142	35
22	ATP6	143	39
22	ATP6	144	39
22	ATP6	145	39
22	ATP6	146	20
22	ATP6	147	25
22	ATP6	148	39
22	ATP6	149	37
22	ATP6	150	39
22	ATP6	151	33
22	ATP6	152	37
22	ATP6	153	21
22	ATP6	154	30
22	ATP6	155	39
22	ATP6	156	39
22	ATP6	157	39
22	ATP6	158	37
22	ATP6	159	39
22	ATP6	160	38
22	ATP6	161	10
22	ATP6	162	39
22	ATP6	163	33
22	ATP6	164	39
22	ATP6	165	20
22	ATP6	166	37
22	ATP6	167	38
22	ATP6	168	35
22	ATP6	169	38
22	ATP6	170	39
22	ATP6	171	39
22	ATP6	172	39
22	ATP6	173	39
22	ATP6	174	39
22	ATP6	175	34
22	ATP6	176	38
22	ATP6	177	39
22	ATP6	178	39
22	ATP6	179	39
22	ATP6	180	38
22	ATP6	181	39
22	ATP6	182	23
22	ATP6	183	34
22	ATP6	184	39
22	ATP6	185	36
22	ATP6	186	35
22	ATP6	187	9
22	ATP6	188	33
22	ATP6	189	30
22	ATP6	190	34
22	ATP6	191	25
22	ATP6	192	5
22	ATP6	193	11
22	ATP6	194	7
22	ATP6	195	33
22	ATP6	196	12
22	ATP6	197	12
22	ATP6	198	12
22	ATP6	199	5
22	ATP6	200	8
22	ATP6	201	19
22	ATP6	202	28
22	ATP6	203	6
22	ATP6	204	29
22	ATP6	205	16
22	ATP6	206	27
22	ATP6	207	36
22	ATP6	208	20
22	ATP6	209	38
22	ATP6	210	39
22	ATP6	211	35
22	ATP6	212	27
22	ATP6	213	39
22	ATP6	214	39
22	ATP6	215	8
22	ATP6	216	37
22	ATP6	217	38
22	ATP6	218	39
22	ATP6	219	27
22	ATP6	220	39
22	ATP6	221	39
22	ATP6	222	38
22	ATP6	223	39
22	ATP6	224	39
22	ATP6	225	39
22	ATP6	226	33
22	ATP6	227	38
22	ATP6	228	39
22	ATP6	229	32
22	ATP6	230	37
22	ATP6	231	39
22	ATP6	232	39
22	ATP6	233	38
22	ATP6	234	34
22	ATP6	235	29
22	ATP6	236	38
22	ATP6	237	29
25	ND3	1	39
25	ND3	2	35
25	ND3	3	36
25	ND3	4	6
25	ND3	5	36
25	ND3	6	5
25	ND3	7	23
25	ND3	8	7
25	ND3	9	35
25	ND3	10	8
25	ND3	11	13
25	ND3	12	33
25	ND3	13	26
25	ND3	14	17
25	ND3	15	35
25	ND3	16	23
25	ND3	17	15
25	ND3	18	24
25	ND3	19	35
25	ND3	20	7
25	ND3	21	10
25	ND3	22	29
25	ND3	23	8
25	ND3	24	37
25	ND3	25	36
25	ND3	26	35
25	ND3	27	36
25	ND3	28	37
25	ND3	29	30
25	ND3	30	31
25	ND3	31	1
25	ND3	32	33
25	ND3	33	8
25	ND3	34	38
25	ND3	35	38
25	ND3	36	12
25	ND3	37	2
25	ND3	38	38
25	ND3	39	38
25	ND3	40	39
25	ND3	41	39
25	ND3	42	39
25	ND3	43	39
25	ND3	44	39
25	ND3	45	39
25	ND3	46	19
25	ND3	47	8
25	ND3	48	9
25	ND3	49	37
25	ND3	50	38
25	ND3	51	3
25	ND3	52	39
25	ND3	53	38
25	ND3	54	39
25	ND3	55	35
25	ND3	56	34
25	ND3	57	39
25	ND3	58	39
25	ND3	59	38
25	ND3	60	33
25	ND3	61	37
25	ND3	62	39
25	ND3	63	34
25	ND3	64	39
25	ND3	65	39
25	ND3	66	38
25	ND3	67	39
25	ND3	68	39
25	ND3	69	38
25	ND3	70	39
25	ND3	71	38
25	ND3	72	39
25	ND3	73	37
25	ND3	74	38
25	ND3	75	39
25	ND3	76	37
25	ND3	77	35
25	ND3	78	37
25	ND3	79	38
25	ND3	80	36
25	ND3	81	8
25	ND3	82	35
25	ND3	83	28
25	ND3	84	13
25	ND3	85	29
25	ND3	86	26
25	ND3	87	8
25	ND3	88	14
25	ND3	89	27
25	ND3	90	4
25	ND3	91	4
25	ND3	92	7
25	ND3	93	11
25	ND3	94	25
25	ND3	95	11
25	ND3	96	33
25	ND3	97	31
25	ND3	98	11
25	ND3	99	17
25	ND3	100	39
25	ND3	101	26
25	ND3	102	20
25	ND3	103	22
25	ND3	104	39
25	ND3	105	33
25	ND3	106	38
25	ND3	107	39
25	ND3	108	39
25	ND3	109	8
25	ND3	110	36
25	ND3	111	30
25	ND3	112	38
25	ND3	113	39
25	ND3	114	10
25	ND3	115	39
25	ND3	116	21
25	ND3	117	34
25	ND3	118	38
28	ND4	1	39
28	ND4	2	39
28	ND4	3	39
28	ND4	4	9
28	ND4	5	33
28	ND4	6	3
28	ND4	7	36
28	ND4	8	35
28	ND4	9	24
28	ND4	10	37
28	ND4	11	38
28	ND4	12	15
28	ND4	13	39
28	ND4	14	26
28	ND4	15	31
28	ND4	16	33
28	ND4	17	26
28	ND4	18	34
28	ND4	19	30
28	ND4	20	12
28	ND4	21	7
28	ND4	22	24
28	ND4	23	26
28	ND4	24	39
28	ND4	25	29
28	ND4	26	35
28	ND4	27	22
28	ND4	28	35
28	ND4	29	15
28	ND4	30	19
28	ND4	31	37
28	ND4	32	31
28	ND4	33	10
28	ND4	34	37
28	ND4	35	35
28	ND4	36	3
28	ND4	37	23
28	ND4	38	9
28	ND4	39	39
28	ND4	40	16
28	ND4	41	11
28	ND4	42	8
28	ND4	43	28
28	ND4	44	29
28	ND4	45	4
28	ND4	46	15
28	ND4	47	12
28	ND4	48	25
28	ND4	49	9
28	ND4	50	38
28	ND4	51	5
28	ND4	52	11
28	ND4	53	3
28	ND4	54	33
28	ND4	55	5
28	ND4	56	10
28	ND4	57	30
28	ND4	58	12
28	ND4	59	30
28	ND4	60	38
28	ND4	61	21
28	ND4	62	36
28	ND4	63	8
28	ND4	64	26
28	ND4	65	38
28	ND4	66	39
28	ND4	67	35
28	ND4	68	9
28	ND4	69	39
28	ND4	70	34
28	ND4	71	20
28	ND4	72	39
28	ND4	73	37
28	ND4	74	38
28	ND4	75	38
28	ND4	76	39
28	ND4	77	4
28	ND4	78	18
28	ND4	79	27
28	ND4	80	39
28	ND4	81	38
28	ND4	82	38
28	ND4	83	4
28	ND4	84	37
28	ND4	85	34
28	ND4	86	21
28	ND4	87	3
28	ND4	88	34
28	ND4	89	25
28	ND4	90	18
28	ND4	91	11
28	ND4	92	30
28	ND4	93	34
28	ND4	94	33
28	ND4	95	31
28	ND4	96	30
28	ND4	97	12
28	ND4	98	17
28	ND4	99	31
28	ND4	100	35
28	ND4	101	31
28	ND4	102	11
28	ND4	103	38
28	ND4	104	38
28	ND4	105	14
28	ND4	106	11
28	ND4	107	38
28	ND4	108	34
28	ND4	109	35
28	ND4	110	34
28	ND4	111	39
28	ND4	112	21
28	ND4	113	37
28	ND4	114	28
28	ND4	115	36
28	ND4	116	36
28	ND4	117	33
28	ND4	118	17
28	ND4	119	37
28	ND4	120	39
28	ND4	121	36
28	ND4	122	5
28	ND4	123	39
28	ND4	124	39
28	ND4	125	11
28	ND4	126	38
28	ND4	127	39
28	ND4	128	31
28	ND4	129	39
28	ND4	130	39
28	ND4	131	38
28	ND4	132	3
28	ND4	133	36
28	ND4	134	39
28	ND4	135	36
28	ND4	136	36
28	ND4	137	39
28	ND4	138	39
28	ND4	139	34
28	ND4	140	39
28	ND4	141	10
28	ND4	142	37
28	ND4	143	39
28	ND4	144	39
28	ND4	145	37
28	ND4	146	39
28	ND4	147	38
28	ND4	148	11
28	ND4	149	39
28	ND4	150	37
28	ND4	151	39
28	ND4	152	39
28	ND4	153	39
28	ND4	154	39
28	ND4	155	38
28	ND4	156	12
28	ND4	157	36
28	ND4	158	39
28	ND4	159	36
28	ND4	160	39
28	ND4	161	38
28	ND4	162	38
28	ND4	163	17
28	ND4	164	30
28	ND4	165	36
28	ND4	166	18
28	ND4	167	23
28	ND4	168	11
28	ND4	169	9
28	ND4	170	32
28	ND4	171	15
28	ND4	172	10
28	ND4	173	38
28	ND4	174	28
28	ND4	175	37
28	ND4	176	32
28	ND4	177	12
28	ND4	178	24
28	ND4	179	18
28	ND4	180	24
28	ND4	181	11
28	ND4	182	20
28	ND4	183	13
28	ND4	184	11
28	ND4	185	18
28	ND4	186	7
28	ND4	187	38
28	ND4	188	26
28	ND4	189	8
28	ND4	190	14
28	ND4	191	27
28	ND4	192	37
28	ND4	193	6
28	ND4	194	30
28	ND4	195	12
28	ND4	196	18
28	ND4	197	14
28	ND4	198	37
28	ND4	199	35
28	ND4	200	33
28	ND4	201	7
28	ND4	202	9
28	ND4	203	33
28	ND4	204	38
28	ND4	205	39
28	ND4	206	31
28	ND4	207	34
28	ND4	208	39
28	ND4	209	36
28	ND4	210	39
28	ND4	211	36
28	ND4	212	38
28	ND4	213	38
28	ND4	214	30
28	ND4	215	36
28	ND4	216	39
28	ND4	217	39
28	ND4	218	39
28	ND4	219	39
28	ND4	220	39
28	ND4	221	39
28	ND4	222	39
28	ND4	223	39
28	ND4	224	39
28	ND4	225	39
28	ND4	226	39
28	ND4	227	37
28	ND4	228	38
28	ND4	229	39
28	ND4	230	39
28	ND4	231	39
28	ND4	232	33
28	ND4	233	39
28	ND4	234	39
28	ND4	235	38
28	ND4	236	19
28	ND4	237	38
28	ND4	238	39
28	ND4	239	39
28	ND4	240	39
28	ND4	241	39
28	ND4	242	37
28	ND4	243	39
28	ND4	244	39
28	ND4	245	34
28	ND4	246	25
28	ND4	247	39
28	ND4	248	9
28	ND4	249	28
28	ND4	250	8
28	ND4	251	19
28	ND4	252	36
28	ND4	253	21
28	ND4	254	37
28	ND4	255	24
28	ND4	256	33
28	ND4	257	12
28	ND4	258	12
28	ND4	259	32
28	ND4	260	31
28	ND4	261	37
28	ND4	262	38
28	ND4	263	37
28	ND4	264	22
28	ND4	265	3
28	ND4	266	37
28	ND4	267	35
28	ND4	268	37
28	ND4	269	38
28	ND4	270	39
28	ND4	271	34
28	ND4	272	32
28	ND4	273	38
28	ND4	274	37
28	ND4	275	38
28	ND4	276	35
28	ND4	277	35
28	ND4	278	38
28	ND4	279	39
28	ND4	280	39
28	ND4	281	39
28	ND4	282	38
28	ND4	283	39
28	ND4	284	38
28	ND4	285	39
28	ND4	286	38
28	ND4	287	37
28	ND4	288	39
28	ND4	289	39
28	ND4	290	39
28	ND4	291	38
28	ND4	292	39
28	ND4	293	3
28	ND4	294	38
28	ND4	295	39
28	ND4	296	39
28	ND4	297	33
28	ND4	298	38
28	ND4	299	38
28	ND4	300	7
28	ND4	301	5
28	ND4	302	36
28	ND4	303	28
28	ND4	304	30
28	ND4	305	33
28	ND4	306	37
28	ND4	307	37
28	ND4	308	35
28	ND4	309	35
28	ND4	310	38
28	ND4	311	34
28	ND4	312	21
28	ND4	313	9
28	ND4	314	39
28	ND4	315	37
28	ND4	316	3
28	ND4	317	9
28	ND4	318	38
28	ND4	319	38
28	ND4	320	33
28	ND4	321	37
28	ND4	322	38
28	ND4	323	38
28	ND4	324	38
28	ND4	325	37
28	ND4	326	38
28	ND4	327	39
28	ND4	328	14
28	ND4	329	35
28	ND4	330	37
28	ND4	331	39
28	ND4	332	39
28	ND4	333	39
28	ND4	334	38
28	ND4	335	38
28	ND4	336	26
28	ND4	337	35
28	ND4	338	39
28	ND4	339	39
28	ND4	340	38
28	ND4	341	19
28	ND4	342	37
28	ND4	343	36
28	ND4	344	38
28	ND4	345	10
28	ND4	346	36
28	ND4	347	29
28	ND4	348	34
28	ND4	349	10
28	ND4	350	7
28	ND4	351	39
28	ND4	352	38
28	ND4	353	36
28	ND4	354	22
28	ND4	355	26
28	ND4	356	33
28	ND4	357	39
28	ND4	358	37
28	ND4	359	35
28	ND4	360	30
28	ND4	361	6
28	ND4	362	39
28	ND4	363	39
28	ND4	364	33
28	ND4	365	28
28	ND4	366	37
28	ND4	367	35
28	ND4	368	37
28	ND4	369	14
28	ND4	370	39
28	ND4	371	34
28	ND4	372	38
28	ND4	373	37
28	ND4	374	39
28	ND4	375	39
28	ND4	376	29
28	ND4	377	35
28	ND4	378	39
28	ND4	379	37
28	ND4	380	13
28	ND4	381	38
28	ND4	382	39
28	ND4	383	37
28	ND4	384	8
28	ND4	385	24
28	ND4	386	9
28	ND4	387	7
28	ND4	388	9
28	ND4	389	7
28	ND4	390	37
28	ND4	391	34
28	ND4	392	39
28	ND4	393	38
28	ND4	394	28
28	ND4	395	16
28	ND4	396	36
28	ND4	397	6
28	ND4	398	11
28	ND4	399	37
28	ND4	400	16
28	ND4	401	36
28	ND4	402	17
28	ND4	403	35
28	ND4	404	17
28	ND4	405	18
28	ND4	406	1
28	ND4	407	38
28	ND4	408	33
28	ND4	409	29
28	ND4	410	39
28	ND4	411	33
28	ND4	412	36
28	ND4	413	34
28	ND4	414	38
28	ND4	415	14
28	ND4	416	13
28	ND4	417	21
28	ND4	418	34
28	ND4	419	39
28	ND4	420	4
28	ND4	421	39
28	ND4	422	3
28	ND4	423	14
28	ND4	424	30
28	ND4	425	23
28	ND4	426	37
28	ND4	427	24
28	ND4	428	19
28	ND4	429	27
28	ND4	430	10
28	ND4	431	22
28	ND4	432	36
28	ND4	433	28
28	ND4	434	28
28	ND4	435	38
28	ND4	436	39
28	ND4	437	39
28	ND4	438	27
28	ND4	439	15
28	ND4	440	38
28	ND4	441	39
28	ND4	442	5
28	ND4	443	10
28	ND4	444	39
28	ND4	445	18
28	ND4	446	5
28	ND4	447	39
28	ND4	448	9
28	ND4	449	27
28	ND4	450	33
28	ND4	451	38
28	ND4	452	25
28	ND4	453	29
28	ND4	454	32
28	ND4	455	38
28	ND4	456	4
28	ND4	457	24
28	ND4	458	35
28	ND4	459	7
28	ND4	460	37
28	ND4	461	10
28	ND4	462	1
28	ND4	463	5
28	ND4	464	36
28	ND4	465	38
33	ND6	1	23
33	ND6	2	36
33	ND6	3	8
33	ND6	4	34
33	ND6	5	4
33	ND6	6	11
33	ND6	7	31
33	ND6	8	17
33	ND6	9	34
33	ND6	10	34
33	ND6	11	15
33	ND6	12	2
33	ND6	13	16
33	ND6	14	33
33	ND6	15	14
33	ND6	16	28
33	ND6	17	31
33	ND6	18	27
33	ND6	19	29
33	ND6	20	30
33	ND6	21	28
33	ND6	22	34
33	ND6	23	34
33	ND6	24	37
33	ND6	25	36
33	ND6	26	38
33	ND6	27	32
33	ND6	28	36
33	ND6	29	35
33	ND6	30	35
33	ND6	31	33
33	ND6	32	13
33	ND6	33	39
33	ND6	34	28
33	ND6	35	26
33	ND6	36	31
33	ND6	37	34
33	ND6	38	9
33	ND6	39	25
33	ND6	40	38
33	ND6	41	38
33	ND6	42	3
33	ND6	43	23
33	ND6	44	12
33	ND6	45	26
33	ND6	46	17
33	ND6	47	19
33	ND6	48	36
33	ND6	49	35
33	ND6	50	7
33	ND6	51	10
33	ND6	52	38
33	ND6	53	9
33	ND6	54	34
33	ND6	55	37
33	ND6	56	28
33	ND6	57	32
33	ND6	58	38
33	ND6	59	39
33	ND6	60	31
33	ND6	61	38
33	ND6	62	39
33	ND6	63	39
33	ND6	64	39
33	ND6	65	38
33	ND6	66	14
33	ND6	67	39
33	ND6	68	38
33	ND6	69	39
33	ND6	70	34
33	ND6	71	38
33	ND6	72	34
33	ND6	73	28
33	ND6	74	36
33	ND6	75	34
33	ND6	76	37
33	ND6	77	10
33	ND6	78	33
33	ND6	79	22
33	ND6	80	36
33	ND6	81	37
33	ND6	82	36
33	ND6	83	38
33	ND6	84	38
33	ND6	85	38
33	ND6	86	38
33	ND6	87	38
33	ND6	88	13
33	ND6	89	38
33	ND6	90	19
33	ND6	91	35
33	ND6	92	10
33	ND6	93	13
33	ND6	94	9
33	ND6	95	27
33	ND6	96	28
33	ND6	97	8
33	ND6	98	7
33	ND6	99	7
33	ND6	100	16
33	ND6	101	10
33	ND6	102	32
33	ND6	103	23
33	ND6	104	6
33	ND6	105	23
33	ND6	106	33
33	ND6	107	16
33	ND6	108	11
33	ND6	109	17
33	ND6	110	27
33	ND6	111	17
33	ND6	112	14
33	ND6	113	16
33	ND6	114	37
33	ND6	115	38
33	ND6	116	7
33	ND6	117	6
33	ND6	118	10
33	ND6	119	15
33	ND6	120	9
33	ND6	121	38
33	ND6	122	27
33	ND6	123	9
33	ND6	124	19
33	ND6	125	38
33	ND6	126	38
33	ND6	127	21
33	ND6	128	14
33	ND6	129	13
33	ND6	130	29
33	ND6	131	15
33	ND6	132	8
33	ND6	133	11
33	ND6	134	30
33	ND6	135	8
33	ND6	136	33
33	ND6	137	9
33	ND6	138	21
33	ND6	139	23
33	ND6	140	13
33	ND6	141	15
33	ND6	142	36
33	ND6	143	10
33	ND6	144	17
33	ND6	145	20
33	ND6	146	31
33	ND6	147	37
33	ND6	148	37
33	ND6	149	37
33	ND6	150	37
33	ND6	151	37
33	ND6	152	13
33	ND6	153	9
33	ND6	154	17
33	ND6	155	29
33	ND6	156	19
33	ND6	157	7
33	ND6	158	11
33	ND6	159	38
33	ND6	160	12
33	ND6	161	10
33	ND6	162	30
33	ND6	163	33
33	ND6	164	38
33	ND6	165	10
33	ND6	166	28
33	ND6	167	35
33	ND6	168	9
33	ND6	169	35
33	ND6	170	25
33	ND6	171	23
33	ND6	172	21
33	ND6	173	32
33	ND6	174	22
33	ND6	175	35
33	ND6	176	38
33	ND6	177	9
33	ND6	178	38
33	ND6	179	38
33	ND6	180	23
33	ND6	181	20
33	ND6	182	24
33	ND6	183	24
33	ND6	184	10
33	ND6	185	16
33	ND6	186	18
33	ND6	187	17
33	ND6	188	36
33	ND6	189	25
33	ND6	190	7
33	ND6	191	37
33	ND6	192	33
33	ND6	193	34
33	ND6	194	34
33	ND6	195	34
33	ND6	196	34
33	ND6	197	34
33	ND6	198	34
33	ND6	199	34
33	ND6	200	37
33	ND6	201	30
33	ND6	202	20
6	ND1	1	37
6	ND1	2	37
6	ND1	3	6
6	ND1	4	37
6	ND1	5	36
6	ND1	6	36
6	ND1	7	35
6	ND1	8	35
6	ND1	9	35
6	ND1	10	21
6	ND1	11	2
6	ND1	12	36
6	ND1	13	16
6	ND1	14	36
6	ND1	15	38
6	ND1	16	38
6	ND1	17	38
6	ND1	18	18
6	ND1	19	34
6	ND1	20	32
6	ND1	21	10
6	ND1	22	33
6	ND1	23	27
6	ND1	24	37
6	ND1	25	11
6	ND1	26	38
6	ND1	27	17
6	ND1	28	38
6	ND1	29	38
6	ND1	30	39
6	ND1	31	7
6	ND1	32	38
6	ND1	33	8
6	ND1	34	39
6	ND1	35	39
6	ND1	36	39
6	ND1	37	18
6	ND1	38	38
6	ND1	39	38
6	ND1	40	36
6	ND1	41	35
6	ND1	42	39
6	ND1	43	30
6	ND1	44	39
6	ND1	45	39
6	ND1	46	39
6	ND1	47	39
6	ND1	48	39
6	ND1	49	11
6	ND1	50	37
6	ND1	51	39
6	ND1	52	36
6	ND1	53	28
6	ND1	54	39
6	ND1	55	35
6	ND1	56	37
6	ND1	57	39
6	ND1	58	39
6	ND1	59	19
6	ND1	60	38
6	ND1	61	39
6	ND1	62	35
6	ND1	63	13
6	ND1	64	39
6	ND1	65	39
6	ND1	66	37
6	ND1	67	27
6	ND1	68	39
6	ND1	69	39
6	ND1	70	37
6	ND1	71	30
6	ND1	72	10
6	ND1	73	39
6	ND1	74	6
6	ND1	75	37
6	ND1	76	36
6	ND1	77	11
6	ND1	78	10
6	ND1	79	13
6	ND1	80	21
6	ND1	81	13
6	ND1	82	33
6	ND1	83	5
6	ND1	84	35
6	ND1	85	39
6	ND1	86	14
6	ND1	87	34
6	ND1	88	35
6	ND1	89	36
6	ND1	90	25
6	ND1	91	11
6	ND1	92	37
6	ND1	93	36
6	ND1	94	10
6	ND1	95	14
6	ND1	96	39
6	ND1	97	11
6	ND1	98	38
6	ND1	99	34
6	ND1	100	38
6	ND1	101	36
6	ND1	102	38
6	ND1	103	8
6	ND1	104	34
6	ND1	105	38
6	ND1	106	8
6	ND1	107	31
6	ND1	108	18
6	ND1	109	39
6	ND1	110	37
6	ND1	111	36
6	ND1	112	16
6	ND1	113	38
6	ND1	114	38
6	ND1	115	20
6	ND1	116	39
6	ND1	117	36
6	ND1	118	13
6	ND1	119	38
6	ND1	120	37
6	ND1	121	39
6	ND1	122	26
6	ND1	123	39
6	ND1	124	39
6	ND1	125	36
6	ND1	126	35
6	ND1	127	38
6	ND1	128	36
6	ND1	129	38
6	ND1	130	39
6	ND1	131	39
6	ND1	132	36
6	ND1	133	38
6	ND1	134	39
6	ND1	135	39
6	ND1	136	11
6	ND1	137	39
6	ND1	138	37
6	ND1	139	39
6	ND1	140	32
6	ND1	141	39
6	ND1	142	36
6	ND1	143	38
6	ND1	144	39
6	ND1	145	39
6	ND1	146	39
6	ND1	147	39
6	ND1	148	39
6	ND1	149	38
6	ND1	150	39
6	ND1	151	39
6	ND1	152	39
6	ND1	153	39
6	ND1	154	36
6	ND1	155	36
6	ND1	156	35
6	ND1	157	34
6	ND1	158	32
6	ND1	159	38
6	ND1	160	37
6	ND1	161	39
6	ND1	162	35
6	ND1	163	6
6	ND1	164	31
6	ND1	165	34
6	ND1	166	30
6	ND1	167	18
6	ND1	168	39
6	ND1	169	35
6	ND1	170	32
6	ND1	171	11
6	ND1	172	37
6	ND1	173	24
6	ND1	174	27
6	ND1	175	35
6	ND1	176	29
6	ND1	177	22
6	ND1	178	37
6	ND1	179	39
6	ND1	180	37
6	ND1	181	17
6	ND1	182	16
6	ND1	183	37
6	ND1	184	35
6	ND1	185	17
6	ND1	186	17
6	ND1	187	32
6	ND1	188	16
6	ND1	189	38
6	ND1	190	39
6	ND1	191	34
6	ND1	192	33
6	ND1	193	33
6	ND1	194	38
6	ND1	195	39
6	ND1	196	32
6	ND1	197	33
6	ND1	198	38
6	ND1	199	38
6	ND1	200	39
6	ND1	201	39
6	ND1	202	39
6	ND1	203	39
6	ND1	204	39
6	ND1	205	39
6	ND1	206	7
6	ND1	207	39
6	ND1	208	39
6	ND1	209	39
6	ND1	210	38
6	ND1	211	3
6	ND1	212	39
6	ND1	213	39
6	ND1	214	39
6	ND1	215	39
6	ND1	216	39
6	ND1	217	39
6	ND1	218	39
6	ND1	219	39
6	ND1	220	39
6	ND1	221	39
6	ND1	222	38
6	ND1	223	7
6	ND1	224	39
6	ND1	225	39
6	ND1	226	35
6	ND1	227	35
6	ND1	228	38
6	ND1	229	37
6	ND1	230	37
6	ND1	231	39
6	ND1	232	32
6	ND1	233	38
6	ND1	234	38
6	ND1	235	23
6	ND1	236	39
6	ND1	237	39
6	ND1	238	39
6	ND1	239	10
6	ND1	240	38
6	ND1	241	39
6	ND1	242	32
6	ND1	243	28
6	ND1	244	39
6	ND1	245	38
6	ND1	246	8
6	ND1	247	28
6	ND1	248	36
6	ND1	249	38
6	ND1	250	21
6	ND1	251	12
6	ND1	252	14
6	ND1	253	39
6	ND1	254	30
6	ND1	255	33
6	ND1	256	15
6	ND1	257	7
6	ND1	258	11
6	ND1	259	3
6	ND1	260	3
6	ND1	261	2
6	ND1	262	8
6	ND1	263	36
6	ND1	264	36
6	ND1	265	31
6	ND1	266	23
6	ND1	267	29
6	ND1	268	12
6	ND1	269	3
6	ND1	270	31
6	ND1	271	6
6	ND1	272	11
6	ND1	273	36
6	ND1	274	27
6	ND1	275	32
6	ND1	276	29
6	ND1	277	37
6	ND1	278	32
6	ND1	279	14
6	ND1	280	14
6	ND1	281	39
6	ND1	282	38
6	ND1	283	39
6	ND1	284	30
6	ND1	285	39
6	ND1	286	6
6	ND1	287	6
6	ND1	288	38
6	ND1	289	39
6	ND1	290	39
6	ND1	291	38
6	ND1	292	38
6	ND1	293	39
6	ND1	294	39
6	ND1	295	38
6	ND1	296	39
6	ND1	297	39
6	ND1	298	36
6	ND1	299	39
6	ND1	300	36
6	ND1	301	39
6	ND1	302	39
6	ND1	303	33
6	ND1	304	39
6	ND1	305	39
6	ND1	306	38
6	ND1	307	35
6	ND1	308	38
6	ND1	309	39
6	ND1	310	35
6	ND1	311	31
6	ND1	312	10
6	ND1	313	32
6	ND1	314	38
6	ND1	315	9
6	ND1	316	13
6	ND1	317	33
6	ND1	318	11
6	ND1	319	36
6	ND1	320	31
6	ND1	321	9
6	ND1	322	7
6	ND1	323	19
6	ND1	324	20
6	ND1	325	29
6	ND1	326	38
6	ND1	327	38
6	ND1	328	37
6	ND1	329	33
6	ND1	330	27
16	CO1	1	38
16	CO1	2	38
16	CO1	3	33
16	CO1	4	5
16	CO1	5	7
16	CO1	6	38
16	CO1	7	39
16	CO1	8	38
16	CO1	9	36
16	CO1	10	39
16	CO1	11	39
16	CO1	12	39
16	CO1	13	39
16	CO1	14	39
16	CO1	15	39
16	CO1	16	39
16	CO1	17	39
16	CO1	18	39
16	CO1	19	39
16	CO1	20	39
16	CO1	21	37
16	CO1	22	32
16	CO1	23	39
16	CO1	24	39
16	CO1	25	36
16	CO1	26	39
16	CO1	27	39
16	CO1	28	39
16	CO1	29	8
16	CO1	30	7
16	CO1	31	39
16	CO1	32	38
16	CO1	33	33
16	CO1	34	38
16	CO1	35	39
16	CO1	36	34
16	CO1	37	39
16	CO1	38	39
16	CO1	39	39
16	CO1	40	36
16	CO1	41	39
16	CO1	42	39
16	CO1	43	36
16	CO1	44	38
16	CO1	45	39
16	CO1	46	39
16	CO1	47	9
16	CO1	48	39
16	CO1	49	35
16	CO1	50	37
16	CO1	51	9
16	CO1	52	39
16	CO1	53	10
16	CO1	54	36
16	CO1	55	39
16	CO1	56	39
16	CO1	57	39
16	CO1	58	30
16	CO1	59	39
16	CO1	60	39
16	CO1	61	38
16	CO1	62	39
16	CO1	63	39
16	CO1	64	39
16	CO1	65	34
16	CO1	66	39
16	CO1	67	39
16	CO1	68	39
16	CO1	69	39
16	CO1	70	38
16	CO1	71	39
16	CO1	72	39
16	CO1	73	39
16	CO1	74	36
16	CO1	75	37
16	CO1	76	37
16	CO1	77	39
16	CO1	78	39
16	CO1	79	39
16	CO1	80	39
16	CO1	81	39
16	CO1	82	39
16	CO1	83	39
16	CO1	84	37
16	CO1	85	39
16	CO1	86	39
16	CO1	87	39
16	CO1	88	38
16	CO1	89	39
16	CO1	90	39
16	CO1	91	39
16	CO1	92	39
16	CO1	93	39
16	CO1	94	39
16	CO1	95	39
16	CO1	96	39
16	CO1	97	39
16	CO1	98	37
16	CO1	99	39
16	CO1	100	39
16	CO1	101	39
16	CO1	102	39
16	CO1	103	39
16	CO1	104	39
16	CO1	105	38
16	CO1	106	39
16	CO1	107	38
16	CO1	108	39
16	CO1	109	38
16	CO1	110	5
16	CO1	111	36
16	CO1	112	39
16	CO1	113	39
16	CO1	114	34
16	CO1	115	35
16	CO1	116	39
16	CO1	117	8
16	CO1	118	27
16	CO1	119	33
16	CO1	120	39
16	CO1	121	38
16	CO1	122	39
16	CO1	123	36
16	CO1	124	39
16	CO1	125	39
16	CO1	126	39
16	CO1	127	39
16	CO1	128	38
16	CO1	129	39
16	CO1	130	39
16	CO1	131	39
16	CO1	132	39
16	CO1	133	39
16	CO1	134	37
16	CO1	135	38
16	CO1	136	38
16	CO1	137	7
16	CO1	138	10
16	CO1	139	39
16	CO1	140	10
16	CO1	141	39
16	CO1	142	36
16	CO1	143	39
16	CO1	144	39
16	CO1	145	39
16	CO1	146	39
16	CO1	147	31
16	CO1	148	39
16	CO1	149	39
16	CO1	150	38
16	CO1	151	38
16	CO1	152	38
16	CO1	153	39
16	CO1	154	39
16	CO1	155	39
16	CO1	156	29
16	CO1	157	39
16	CO1	158	39
16	CO1	159	39
16	CO1	160	39
16	CO1	161	38
16	CO1	162	39
16	CO1	163	38
16	CO1	164	39
16	CO1	165	39
16	CO1	166	39
16	CO1	167	39
16	CO1	168	39
16	CO1	169	34
16	CO1	170	39
16	CO1	171	39
16	CO1	172	39
16	CO1	173	38
16	CO1	174	37
16	CO1	175	38
16	CO1	176	38
16	CO1	177	31
16	CO1	178	10
16	CO1	179	38
16	CO1	180	38
16	CO1	181	37
16	CO1	182	37
16	CO1	183	39
16	CO1	184	39
16	CO1	185	39
16	CO1	186	39
16	CO1	187	39
16	CO1	188	39
16	CO1	189	33
16	CO1	190	35
16	CO1	191	36
16	CO1	192	39
16	CO1	193	39
16	CO1	194	34
16	CO1	195	39
16	CO1	196	39
16	CO1	197	39
16	CO1	198	39
16	CO1	199	35
16	CO1	200	39
16	CO1	201	39
16	CO1	202	39
16	CO1	203	39
16	CO1	204	39
16	CO1	205	38
16	CO1	206	38
16	CO1	207	39
16	CO1	208	39
16	CO1	209	39
16	CO1	210	39
16	CO1	211	39
16	CO1	212	39
16	CO1	213	39
16	CO1	214	39
16	CO1	215	39
16	CO1	216	39
16	CO1	217	39
16	CO1	218	39
16	CO1	219	38
16	CO1	220	39
16	CO1	221	39
16	CO1	222	39
16	CO1	223	39
16	CO1	224	36
16	CO1	225	39
16	CO1	226	39
16	CO1	227	39
16	CO1	228	39
16	CO1	229	39
16	CO1	230	37
16	CO1	231	39
16	CO1	232	39
16	CO1	233	39
16	CO1	234	39
16	CO1	235	39
16	CO1	236	39
16	CO1	237	39
16	CO1	238	39
16	CO1	239	39
16	CO1	240	39
16	CO1	241	38
16	CO1	242	39
16	CO1	243	39
16	CO1	244	39
16	CO1	245	39
16	CO1	246	39
16	CO1	247	39
16	CO1	248	39
16	CO1	249	39
16	CO1	250	39
16	CO1	251	39
16	CO1	252	39
16	CO1	253	39
16	CO1	254	31
16	CO1	255	37
16	CO1	256	39
16	CO1	257	39
16	CO1	258	34
16	CO1	259	38
16	CO1	260	32
16	CO1	261	32
16	CO1	262	38
16	CO1	263	38
16	CO1	264	38
16	CO1	265	39
16	CO1	266	38
16	CO1	267	39
16	CO1	268	38
16	CO1	269	39
16	CO1	270	39
16	CO1	271	38
16	CO1	272	38
16	CO1	273	39
16	CO1	274	39
16	CO1	275	36
16	CO1	276	38
16	CO1	277	38
16	CO1	278	39
16	CO1	279	31
16	CO1	280	37
16	CO1	281	39
16	CO1	282	39
16	CO1	283	36
16	CO1	284	39
16	CO1	285	39
16	CO1	286	39
16	CO1	287	39
16	CO1	288	39
16	CO1	289	39
16	CO1	290	39
16	CO1	291	39
16	CO1	292	39
16	CO1	293	39
16	CO1	294	39
16	CO1	295	39
16	CO1	296	39
16	CO1	297	37
16	CO1	298	33
16	CO1	299	38
16	CO1	300	39
16	CO1	301	39
16	CO1	302	39
16	CO1	303	39
16	CO1	304	39
16	CO1	305	38
16	CO1	306	39
16	CO1	307	39
16	CO1	308	38
16	CO1	309	39
16	CO1	310	39
16	CO1	311	39
16	CO1	312	39
16	CO1	313	39
16	CO1	314	39
16	CO1	315	37
16	CO1	316	39
16	CO1	317	39
16	CO1	318	39
16	CO1	319	37
16	CO1	320	39
16	CO1	321	38
16	CO1	322	39
16	CO1	323	39
16	CO1	324	38
16	CO1	325	39
16	CO1	326	39
16	CO1	327	39
16	CO1	328	37
16	CO1	329	38
16	CO1	330	39
16	CO1	331	7
16	CO1	332	31
16	CO1	333	3
16	CO1	334	37
16	CO1	335	38
16	CO1	336	34
16	CO1	337	9
16	CO1	338	34
16	CO1	339	4
16	CO1	340	32
16	CO1	341	39
16	CO1	342	39
16	CO1	343	39
16	CO1	344	39
16	CO1	345	39
16	CO1	346	38
16	CO1	347	39
16	CO1	348	39
16	CO1	349	39
16	CO1	350	39
16	CO1	351	35
16	CO1	352	39
16	CO1	353	39
16	CO1	354	39
16	CO1	355	39
16	CO1	356	39
16	CO1	357	37
16	CO1	358	37
16	CO1	359	39
16	CO1	360	35
16	CO1	361	39
16	CO1	362	39
16	CO1	363	39
16	CO1	364	38
16	CO1	365	39
16	CO1	366	39
16	CO1	367	35
16	CO1	368	39
16	CO1	369	39
16	CO1	370	39
16	CO1	371	39
16	CO1	372	39
16	CO1	373	39
16	CO1	374	39
16	CO1	375	39
16	CO1	376	39
16	CO1	377	39
16	CO1	378	39
16	CO1	379	39
16	CO1	380	39
16	CO1	381	39
16	CO1	382	39
16	CO1	383	39
16	CO1	384	39
16	CO1	385	39
16	CO1	386	39
16	CO1	387	39
16	CO1	388	39
16	CO1	389	39
16	CO1	390	39
16	CO1	391	36
16	CO1	392	32
16	CO1	393	38
16	CO1	394	38
16	CO1	395	13
16	CO1	396	39
16	CO1	397	39
16	CO1	398	38
16	CO1	399	39
16	CO1	400	39
16	CO1	401	37
16	CO1	402	31
16	CO1	403	39
16	CO1	404	33
16	CO1	405	37
16	CO1	406	38
16	CO1	407	15
16	CO1	408	16
16	CO1	409	35
16	CO1	410	8
16	CO1	411	35
16	CO1	412	39
16	CO1	413	31
16	CO1	414	34
16	CO1	415	39
16	CO1	416	13
16	CO1	417	30
16	CO1	418	38
16	CO1	419	39
16	CO1	420	8
16	CO1	421	39
16	CO1	422	39
16	CO1	423	39
16	CO1	424	23
16	CO1	425	39
16	CO1	426	39
16	CO1	427	39
16	CO1	428	39
16	CO1	429	39
16	CO1	430	39
16	CO1	431	39
16	CO1	432	39
16	CO1	433	39
16	CO1	434	39
16	CO1	435	34
16	CO1	436	37
16	CO1	437	39
16	CO1	438	39
16	CO1	439	39
16	CO1	440	38
16	CO1	441	39
16	CO1	442	39
16	CO1	443	39
16	CO1	444	39
16	CO1	445	39
16	CO1	446	39
16	CO1	447	39
16	CO1	448	39
16	CO1	449	38
16	CO1	450	26
16	CO1	451	39
16	CO1	452	39
16	CO1	453	10
16	CO1	454	11
16	CO1	455	39
16	CO1	456	38
16	CO1	457	7
16	CO1	458	39
16	CO1	459	39
16	CO1	460	33
16	CO1	461	38
16	CO1	462	39
16	CO1	463	37
16	CO1	464	33
16	CO1	465	38
16	CO1	466	36
16	CO1	467	24
16	CO1	468	30
16	CO1	469	35
16	CO1	470	23
16	CO1	471	37
16	CO1	472	25
16	CO1	473	33
16	CO1	474	39
16	CO1	475	39
16	CO1	476	37
16	CO1	477	38
16	CO1	478	32
16	CO1	479	35
16	CO1	480	37
16	CO1	481	39
16	CO1	482	12
16	CO1	483	37
16	CO1	484	20
16	CO1	485	10
16	CO1	486	24
16	CO1	487	31
16	CO1	488	4
16	CO1	489	10
16	CO1	490	18
16	CO1	491	1
16	CO1	492	34
16	CO1	493	28
16	CO1	494	39
16	CO1	495	39
16	CO1	496	37
16	CO1	497	9
16	CO1	498	37
16	CO1	499	37
16	CO1	500	39
16	CO1	501	38
16	CO1	502	37
16	CO1	503	34
16	CO1	504	39
16	CO1	505	38
16	CO1	506	35
16	CO1	507	37
16	CO1	508	36
16	CO1	509	35
16	CO1	510	11
16	CO1	511	30
16	CO1	512	7
16	CO1	513	19
16	CO1	514	5
16	CO1	515	32
16	CO1	516	36
16	CO1	517	38
16	CO1	518	38
16	CO1	519	38
16	CO1	520	8
16	CO1	521	36
16	CO1	522	36
21	ATP8	1	39
21	ATP8	2	38
21	ATP8	3	38
21	ATP8	4	37
21	ATP8	5	12
21	ATP8	6	32
21	ATP8	7	5
21	ATP8	8	5
21	ATP8	9	39
21	ATP8	10	7
21	ATP8	11	17
21	ATP8	12	8
21	ATP8	13	32
21	ATP8	14	8
21	ATP8	15	6
21	ATP8	16	29
21	ATP8	17	13
21	ATP8	18	26
21	ATP8	19	28
21	ATP8	20	35
21	ATP8	21	31
21	ATP8	22	11
21	ATP8	23	15
21	ATP8	24	8
21	ATP8	25	35
21	ATP8	26	32
21	ATP8	27	37
21	ATP8	28	6
21	ATP8	29	14
21	ATP8	30	12
21	ATP8	31	4
21	ATP8	32	8
21	ATP8	33	23
21	ATP8	34	9
21	ATP8	35	7
21	ATP8	36	10
21	ATP8	37	34
21	ATP8	38	7
21	ATP8	39	14
21	ATP8	40	37
21	ATP8	41	28
21	ATP8	42	6
21	ATP8	43	8
21	ATP8	44	20
21	ATP8	45	7
21	ATP8	46	9
21	ATP8	47	6
21	ATP8	48	3
21	ATP8	49	11
21	ATP8	50	7
21	ATP8	51	33
21	ATP8	52	38
21	ATP8	53	27
21	ATP8	54	7
21	ATP8	55	32
21	ATP8	56	39
21	ATP8	57	36
21	ATP8	58	34
21	ATP8	59	28
21	ATP8	60	3
21	ATP8	61	16
21	ATP8	62	6
21	ATP8	63	12
21	ATP8	64	28
21	ATP8	65	27
21	ATP8	66	29
21	ATP8	67	12
21	ATP8	68	22
21	ATP8	69	9
23	CO3	1	39
23	CO3	2	38
23	CO3	3	31
23	CO3	4	39
23	CO3	5	38
23	CO3	6	7
23	CO3	7	39
23	CO3	8	33
23	CO3	9	37
23	CO3	10	39
23	CO3	11	38
23	CO3	12	38
23	CO3	13	9
23	CO3	14	38
23	CO3	15	39
23	CO3	16	39
23	CO3	17	39
23	CO3	18	39
23	CO3	19	38
23	CO3	20	37
23	CO3	21	39
23	CO3	22	39
23	CO3	23	31
23	CO3	24	34
23	CO3	25	39
23	CO3	26	34
23	CO3	27	37
23	CO3	28	24
23	CO3	29	37
23	CO3	30	38
23	CO3	31	39
23	CO3	32	38
23	CO3	33	12
23	CO3	34	36
23	CO3	35	39
23	CO3	36	39
23	CO3	37	39
23	CO3	38	27
23	CO3	39	8
23	CO3	40	36
23	CO3	41	9
23	CO3	42	16
23	CO3	43	39
23	CO3	44	35
23	CO3	45	6
23	CO3	46	29
23	CO3	47	38
23	CO3	48	33
23	CO3	49	19
23	CO3	50	33
23	CO3	51	32
23	CO3	52	8
23	CO3	53	37
23	CO3	54	36
23	CO3	55	36
23	CO3	56	31
23	CO3	57	39
23	CO3	58	39
23	CO3	59	39
23	CO3	60	39
23	CO3	61	39
23	CO3	62	18
23	CO3	63	1
23	CO3	64	39
23	CO3	65	39
23	CO3	66	22
23	CO3	67	39
23	CO3	68	15
23	CO3	69	38
23	CO3	70	39
23	CO3	71	38
23	CO3	72	39
23	CO3	73	39
23	CO3	74	26
23	CO3	75	12
23	CO3	76	39
23	CO3	77	38
23	CO3	78	37
23	CO3	79	36
23	CO3	80	39
23	CO3	81	39
23	CO3	82	38
23	CO3	83	39
23	CO3	84	39
23	CO3	85	31
23	CO3	86	39
23	CO3	87	39
23	CO3	88	39
23	CO3	89	12
23	CO3	90	39
23	CO3	91	39
23	CO3	92	35
23	CO3	93	28
23	CO3	94	39
23	CO3	95	39
23	CO3	96	19
23	CO3	97	38
23	CO3	98	39
23	CO3	99	39
23	CO3	100	39
23	CO3	101	38
23	CO3	102	39
23	CO3	103	37
23	CO3	104	38
23	CO3	105	39
23	CO3	106	39
23	CO3	107	39
23	CO3	108	34
23	CO3	109	39
23	CO3	110	38
23	CO3	111	33
23	CO3	112	8
23	CO3	113	38
23	CO3	114	39
23	CO3	115	34
23	CO3	116	10
23	CO3	117	39
23	CO3	118	39
23	CO3	119	39
23	CO3	120	34
23	CO3	121	38
23	CO3	122	36
23	CO3	123	12
23	CO3	124	37
23	CO3	125	38
23	CO3	126	36
23	CO3	127	38
23	CO3	128	32
23	CO3	129	36
23	CO3	130	38
23	CO3	131	39
23	CO3	132	39
23	CO3	133	39
23	CO3	134	39
23	CO3	135	39
23	CO3	136	30
23	CO3	137	34
23	CO3	138	39
23	CO3	139	39
23	CO3	140	39
23	CO3	141	39
23	CO3	142	39
23	CO3	143	39
23	CO3	144	30
23	CO3	145	33
23	CO3	146	39
23	CO3	147	39
23	CO3	148	39
23	CO3	149	39
23	CO3	150	39
23	CO3	151	38
23	CO3	152	35
23	CO3	153	37
23	CO3	154	35
23	CO3	155	9
23	CO3	156	33
23	CO3	157	37
23	CO3	158	7
23	CO3	159	18
23	CO3	160	30
23	CO3	161	17
23	CO3	162	37
23	CO3	163	34
23	CO3	164	39
23	CO3	165	13
23	CO3	166	32
23	CO3	167	39
23	CO3	168	37
23	CO3	169	18
23	CO3	170	39
23	CO3	171	39
23	CO3	172	15
23	CO3	173	39
23	CO3	174	39
23	CO3	175	39
23	CO3	176	28
23	CO3	177	38
23	CO3	178	39
23	CO3	179	33
23	CO3	180	30
23	CO3	181	39
23	CO3	182	39
23	CO3	183	11
23	CO3	184	39
23	CO3	185	5
23	CO3	186	25
23	CO3	187	39
23	CO3	188	35
23	CO3	189	39
23	CO3	190	32
23	CO3	191	39
23	CO3	192	33
23	CO3	193	18
23	CO3	194	39
23	CO3	195	39
23	CO3	196	39
23	CO3	197	39
23	CO3	198	39
23	CO3	199	39
23	CO3	200	23
23	CO3	201	36
23	CO3	202	39
23	CO3	203	39
23	CO3	204	39
23	CO3	205	39
23	CO3	206	39
23	CO3	207	37
23	CO3	208	39
23	CO3	209	39
23	CO3	210	38
23	CO3	211	39
23	CO3	212	39
23	CO3	213	34
23	CO3	214	34
23	CO3	215	39
23	CO3	216	39
23	CO3	217	11
23	CO3	218	8
23	CO3	219	39
23	CO3	220	16
23	CO3	221	11
23	CO3	222	38
23	CO3	223	37
23	CO3	224	29
23	CO3	225	4
23	CO3	226	28
23	CO3	227	39
23	CO3	228	39
23	CO3	229	38
23	CO3	230	35
23	CO3	231	11
23	CO3	232	39
23	CO3	233	39
23	CO3	234	39
23	CO3	235	39
23	CO3	236	39
23	CO3	237	38
23	CO3	238	36
23	CO3	239	38
23	CO3	240	38
23	CO3	241	39
23	CO3	242	39
23	CO3	243	39
23	CO3	244	39
23	CO3	245	39
23	CO3	246	39
23	CO3	247	39
23	CO3	248	38
23	CO3	249	36
23	CO3	250	39
23	CO3	251	39
23	CO3	252	38
23	CO3	253	39
23	CO3	254	39
23	CO3	255	31
23	CO3	256	38
23	CO3	257	38
23	CO3	258	39
23	CO3	259	39
23	CO3	260	39
23	CO3	261	39
23	CO3	262	37
23	CO3	263	37
27	ND4L	1	39
27	ND4L	2	15
27	ND4L	3	18
27	ND4L	4	18
27	ND4L	5	38
27	ND4L	6	22
27	ND4L	7	19
27	ND4L	8	34
27	ND4L	9	25
27	ND4L	10	38
27	ND4L	11	12
27	ND4L	12	23
27	ND4L	13	37
27	ND4L	14	37
27	ND4L	15	18
27	ND4L	16	12
27	ND4L	17	29
27	ND4L	18	37
27	ND4L	19	18
27	ND4L	20	38
27	ND4L	21	14
27	ND4L	22	31
27	ND4L	23	8
27	ND4L	24	33
27	ND4L	25	38
27	ND4L	26	33
27	ND4L	27	38
27	ND4L	28	38
27	ND4L	29	34
27	ND4L	30	37
27	ND4L	31	28
27	ND4L	32	39
27	ND4L	33	39
27	ND4L	34	38
27	ND4L	35	39
27	ND4L	36	39
27	ND4L	37	37
27	ND4L	38	38
27	ND4L	39	35
27	ND4L	40	37
27	ND4L	41	35
27	ND4L	42	31
27	ND4L	43	37
27	ND4L	44	25
27	ND4L	45	26
27	ND4L	46	12
27	ND4L	47	19
27	ND4L	48	25
27	ND4L	49	14
27	ND4L	50	38
27	ND4L	51	38
27	ND4L	52	10
27	ND4L	53	34
27	ND4L	54	31
27	ND4L	55	14
27	ND4L	56	32
27	ND4L	57	11
27	ND4L	58	7
27	ND4L	59	29
27	ND4L	60	22
27	ND4L	61	14
27	ND4L	62	11
27	ND4L	63	6
27	ND4L	64	37
27	ND4L	65	28
27	ND4L	66	1
27	ND4L	67	9
27	ND4L	68	39
27	ND4L	69	34
27	ND4L	70	38
27	ND4L	71	33
27	ND4L	72	38
27	ND4L	73	37
27	ND4L	74	38
27	ND4L	75	36
27	ND4L	76	34
27	ND4L	77	21
27	ND4L	78	39
27	ND4L	79	39
27	ND4L	80	26
27	ND4L	81	37
27	ND4L	82	38
27	ND4L	83	35
27	ND4L	84	10
27	ND4L	85	14
27	ND4L	86	33
27	ND4L	87	34
27	ND4L	88	35
27	ND4L	89	33
27	ND4L	90	38
27	ND4L	91	12
27	ND4L	92	38
27	ND4L	93	30
27	ND4L	94	29
27	ND4L	95	6
27	ND4L	96	35
27	ND4L	97	38
27	ND4L	98	37
27	ND4L	99	37
27	ND4L	100	38
27	ND4L	101	36
27	ND4L	102	38
32	ND5	1	38
32	ND5	2	37
32	ND5	3	37
32	ND5	4	37
32	ND5	5	5
32	ND5	6	37
32	ND5	7	37
32	ND5	8	33
32	ND5	9	14
32	ND5	10	1
32	ND5	11	15
32	ND5	12	13
32	ND5	13	8
32	ND5	14	13
32	ND5	15	7
32	ND5	16	17
32	ND5	17	18
32	ND5	18	33
32	ND5	19	9
32	ND5	20	9
32	ND5	21	36
32	ND5	22	10
32	ND5	23	6
32	ND5	24	38
32	ND5	25	33
32	ND5	26	9
32	ND5	27	7
32	ND5	28	15
32	ND5	29	14
32	ND5	30	3
32	ND5	31	21
32	ND5	32	11
32	ND5	33	11
32	ND5	34	29
32	ND5	35	8
32	ND5	36	11
32	ND5	37	7
32	ND5	38	24
32	ND5	39	32
32	ND5	40	38
32	ND5	41	17
32	ND5	42	26
32	ND5	43	29
32	ND5	44	35
32	ND5	45	5
32	ND5	46	8
32	ND5	47	13
32	ND5	48	9
32	ND5	49	11
32	ND5	50	5
32	ND5	51	37
32	ND5	52	17
32	ND5	53	19
32	ND5	54	38
32	ND5	55	30
32	ND5	56	5
32	ND5	57	34
32	ND5	58	21
32	ND5	59	12
32	ND5	60	22
32	ND5	61	33
32	ND5	62	6
32	ND5	63	7
32	ND5	64	10
32	ND5	65	5
32	ND5	66	29
32	ND5	67	36
32	ND5	68	2
32	ND5	69	23
32	ND5	70	31
32	ND5	71	24
32	ND5	72	32
32	ND5	73	38
32	ND5	74	33
32	ND5	75	38
32	ND5	76	5
32	ND5	77	29
32	ND5	78	12
32	ND5	79	28
32	ND5	80	31
32	ND5	81	3
32	ND5	82	6
32	ND5	83	31
32	ND5	84	22
32	ND5	85	24
32	ND5	86	36
32	ND5	87	35
32	ND5	88	38
32	ND5	89	24
32	ND5	90	39
32	ND5	91	28
32	ND5	92	34
32	ND5	93	38
32	ND5	94	22
32	ND5	95	15
32	ND5	96	39
32	ND5	97	11
32	ND5	98	36
32	ND5	99	25
32	ND5	100	37
32	ND5	101	39
32	ND5	102	33
32	ND5	103	31
32	ND5	104	38
32	ND5	105	38
32	ND5	106	37
32	ND5	107	38
32	ND5	108	31
32	ND5	109	36
32	ND5	110	37
32	ND5	111	35
32	ND5	112	14
32	ND5	113	37
32	ND5	114	39
32	ND5	115	39
32	ND5	116	4
32	ND5	117	38
32	ND5	118	38
32	ND5	119	36
32	ND5	120	18
32	ND5	121	38
32	ND5	122	29
32	ND5	123	17
32	ND5	124	39
32	ND5	125	33
32	ND5	126	36
32	ND5	127	35
32	ND5	128	38
32	ND5	129	35
32	ND5	130	12
32	ND5	131	39
32	ND5	132	37
32	ND5	133	31
32	ND5	134	33
32	ND5	135	39
32	ND5	136	22
32	ND5	137	35
32	ND5	138	39
32	ND5	139	31
32	ND5	140	31
32	ND5	141	36
32	ND5	142	38
32	ND5	143	39
32	ND5	144	33
32	ND5	145	34
32	ND5	146	37
32	ND5	147	36
32	ND5	148	38
32	ND5	149	36
32	ND5	150	39
32	ND5	151	39
32	ND5	152	38
32	ND5	153	39
32	ND5	154	36
32	ND5	155	39
32	ND5	156	38
32	ND5	157	38
32	ND5	158	39
32	ND5	159	38
32	ND5	160	35
32	ND5	161	39
32	ND5	162	38
32	ND5	163	9
32	ND5	164	38
32	ND5	165	38
32	ND5	166	21
32	ND5	167	11
32	ND5	168	37
32	ND5	169	10
32	ND5	170	32
32	ND5	171	36
32	ND5	172	39
32	ND5	173	37
32	ND5	174	38
32	ND5	175	38
32	ND5	176	9
32	ND5	177	38
32	ND5	178	39
32	ND5	179	28
32	ND5	180	35
32	ND5	181	37
32	ND5	182	39
32	ND5	183	39
32	ND5	184	35
32	ND5	185	38
32	ND5	186	39
32	ND5	187	32
32	ND5	188	38
32	ND5	189	29
32	ND5	190	29
32	ND5	191	25
32	ND5	192	21
32	ND5	193	8
32	ND5	194	32
32	ND5	195	39
32	ND5	196	33
32	ND5	197	2
32	ND5	198	17
32	ND5	199	14
32	ND5	200	14
32	ND5	201	36
32	ND5	202	25
32	ND5	203	37
32	ND5	204	21
32	ND5	205	5
32	ND5	206	37
32	ND5	207	36
32	ND5	208	12
32	ND5	209	1
32	ND5	210	11
32	ND5	211	23
32	ND5	212	21
32	ND5	213	1
32	ND5	214	23
32	ND5	215	38
32	ND5	216	9
32	ND5	217	11
32	ND5	218	11
32	ND5	219	4
32	ND5	220	37
32	ND5	221	37
32	ND5	222	16
32	ND5	223	38
32	ND5	224	38
32	ND5	225	38
32	ND5	226	35
32	ND5	227	25
32	ND5	228	36
32	ND5	229	39
32	ND5	230	38
32	ND5	231	12
32	ND5	232	38
32	ND5	233	39
32	ND5	234	39
32	ND5	235	39
32	ND5	236	39
32	ND5	237	7
32	ND5	238	38
32	ND5	239	37
32	ND5	240	38
32	ND5	241	38
32	ND5	242	39
32	ND5	243	39
32	ND5	244	39
32	ND5	245	33
32	ND5	246	39
32	ND5	247	39
32	ND5	248	38
32	ND5	249	38
32	ND5	250	39
32	ND5	251	39
32	ND5	252	39
32	ND5	253	39
32	ND5	254	39
32	ND5	255	39
32	ND5	256	39
32	ND5	257	38
32	ND5	258	39
32	ND5	259	39
32	ND5	260	39
32	ND5	261	39
32	ND5	262	38
32	ND5	263	39
32	ND5	264	37
32	ND5	265	39
32	ND5	266	39
32	ND5	267	17
32	ND5	268	38
32	ND5	269	38
32	ND5	270	36
32	ND5	271	34
32	ND5	272	39
32	ND5	273	35
32	ND5	274	19
32	ND5	275	36
32	ND5	276	31
32	ND5	277	4
32	ND5	278	30
32	ND5	279	27
32	ND5	280	5
32	ND5	281	6
32	ND5	282	14
32	ND5	283	21
32	ND5	284	29
32	ND5	285	32
32	ND5	286	20
32	ND5	287	27
32	ND5	288	37
32	ND5	289	36
32	ND5	290	39
32	ND5	291	38
32	ND5	292	38
32	ND5	293	31
32	ND5	294	38
32	ND5	295	36
32	ND5	296	38
32	ND5	297	38
32	ND5	298	10
32	ND5	299	37
32	ND5	300	4
32	ND5	301	38
32	ND5	302	39
32	ND5	303	36
32	ND5	304	38
32	ND5	305	38
32	ND5	306	38
32	ND5	307	39
32	ND5	308	36
32	ND5	309	39
32	ND5	310	39
32	ND5	311	37
32	ND5	312	23
32	ND5	313	39
32	ND5	314	37
32	ND5	315	39
32	ND5	316	39
32	ND5	317	38
32	ND5	318	39
32	ND5	319	39
32	ND5	320	39
32	ND5	321	39
32	ND5	322	39
32	ND5	323	39
32	ND5	324	31
32	ND5	325	35
32	ND5	326	37
32	ND5	327	35
32	ND5	328	38
32	ND5	329	29
32	ND5	330	34
32	ND5	331	36
32	ND5	332	37
32	ND5	333	18
32	ND5	334	37
32	ND5	335	39
32	ND5	336	37
32	ND5	337	35
32	ND5	338	39
32	ND5	339	37
32	ND5	340	36
32	ND5	341	37
32	ND5	342	38
32	ND5	343	39
32	ND5	344	37
32	ND5	345	39
32	ND5	346	39
32	ND5	347	38
32	ND5	348	34
32	ND5	349	38
32	ND5	350	39
32	ND5	351	25
32	ND5	352	37
32	ND5	353	36
32	ND5	354	39
32	ND5	355	36
32	ND5	356	37
32	ND5	357	38
32	ND5	358	38
32	ND5	359	25
32	ND5	360	37
32	ND5	361	37
32	ND5	362	17
32	ND5	363	38
32	ND5	364	39
32	ND5	365	39
32	ND5	366	39
32	ND5	367	39
32	ND5	368	38
32	ND5	369	38
32	ND5	370	39
32	ND5	371	35
32	ND5	372	36
32	ND5	373	9
32	ND5	374	30
32	ND5	375	18
32	ND5	376	38
32	ND5	377	38
32	ND5	378	28
32	ND5	379	39
32	ND5	380	11
32	ND5	381	39
32	ND5	382	19
32	ND5	383	25
32	ND5	384	19
32	ND5	385	36
32	ND5	386	10
32	ND5	387	31
32	ND5	388	36
32	ND5	389	30
32	ND5	390	37
32	ND5	391	39
32	ND5	392	39
32	ND5	393	5
32	ND5	394	39
32	ND5	395	29
32	ND5	396	39
32	ND5	397	37
32	ND5	398	39
32	ND5	399	29
32	ND5	400	39
32	ND5	401	39
32	ND5	402	36
32	ND5	403	39
32	ND5	404	39
32	ND5	405	39
32	ND5	406	1
32	ND5	407	39
32	ND5	408	38
32	ND5	409	39
32	ND5	410	16
32	ND5	411	25
32	ND5	412	34
32	ND5	413	9
32	ND5	414	37
32	ND5	415	27
32	ND5	416	32
32	ND5	417	39
32	ND5	418	33
32	ND5	419	37
32	ND5	420	38
32	ND5	421	38
32	ND5	422	11
32	ND5	423	20
32	ND5	424	36
32	ND5	425	37
32	ND5	426	24
32	ND5	427	38
32	ND5	428	38
32	ND5	429	36
32	ND5	430	27
32	ND5	431	39
32	ND5	432	8
32	ND5	433	14
32	ND5	434	39
32	ND5	435	39
32	ND5	436	29
32	ND5	437	39
32	ND5	438	11
32	ND5	439	31
32	ND5	440	10
32	ND5	441	9
32	ND5	442	14
32	ND5	443	32
32	ND5	444	11
32	ND5	445	30
32	ND5	446	25
32	ND5	447	36
32	ND5	448	36
32	ND5	449	30
32	ND5	450	22
32	ND5	451	18
32	ND5	452	22
32	ND5	453	14
32	ND5	454	10
32	ND5	455	37
32	ND5	456	38
32	ND5	457	38
32	ND5	458	37
32	ND5	459	32
32	ND5	460	33
32	ND5	461	8
32	ND5	462	33
32	ND5	463	11
32	ND5	464	35
32	ND5	465	23
32	ND5	466	37
32	ND5	467	34
32	ND5	468	38
32	ND5	469	39
32	ND5	470	13
32	ND5	471	3
32	ND5	472	37
32	ND5	473	39
32	ND5	474	9
32	ND5	475	27
32	ND5	476	34
32	ND5	477	39
32	ND5	478	28
32	ND5	479	20
32	ND5	480	31
32	ND5	481	12
32	ND5	482	21
32	ND5	483	27
32	ND5	484	31
32	ND5	485	1
32	ND5	486	39
32	ND5	487	1
32	ND5	488	11
32	ND5	489	2
32	ND5	490	1
32	ND5	491	22
32	ND5	492	6
32	ND5	493	37
32	ND5	494	5
32	ND5	495	37
32	ND5	496	15
32	ND5	497	25
32	ND5	498	28
32	ND5	499	39
32	ND5	500	24
32	ND5	501	24
32	ND5	502	37
32	ND5	503	36
32	ND5	504	8
32	ND5	505	24
32	ND5	506	36
32	ND5	507	3
32	ND5	508	29
32	ND5	509	39
32	ND5	510	12
32	ND5	511	14
32	ND5	512	5
32	ND5	513	37
32	ND5	514	23
32	ND5	515	11
32	ND5	516	31
32	ND5	517	23
32	ND5	518	6
32	ND5	519	17
32	ND5	520	30
32	ND5	521	13
32	ND5	522	13
32	ND5	523	38
32	ND5	524	33
32	ND5	525	30
32	ND5	526	11
32	ND5	527	18
32	ND5	528	5
32	ND5	529	24
32	ND5	530	3
32	ND5	531	1
32	ND5	532	12
32	ND5	533	22
32	ND5	534	6
32	ND5	535	38
32	ND5	536	38
32	ND5	537	23
32	ND5	538	15
32	ND5	539	39
32	ND5	540	38
32	ND5	541	38
32	ND5	542	38
32	ND5	543	38
32	ND5	544	16
32	ND5	545	16
32	ND5	546	34
32	ND5	547	4
32	ND5	548	27
32	ND5	549	6
32	ND5	550	37
32	ND5	551	37
32	ND5	552	4
32	ND5	553	11
32	ND5	554	34
32	ND5	555	12
32	ND5	556	14
32	ND5	557	5
32	ND5	558	38
32	ND5	559	12
32	ND5	560	5
32	ND5	561	33
32	ND5	562	37
32	ND5	563	17
32	ND5	564	18
32	ND5	565	4
32	ND5	566	10
32	ND5	567	13
32	ND5	568	36
32	ND5	569	32
32	ND5	570	39
32	ND5	571	22
32	ND5	572	12
32	ND5	573	39
32	ND5	574	28
32	ND5	575	37
32	ND5	576	21
32	ND5	577	8
32	ND5	578	18
32	ND5	579	38
32	ND5	580	35
32	ND5	581	12
32	ND5	582	19
32	ND5	583	23
32	ND5	584	13
32	ND5	585	6
32	ND5	586	30
32	ND5	587	7
32	ND5	588	9
32	ND5	589	4
32	ND5	590	31
32	ND5	591	8
32	ND5	592	5
32	ND5	593	12
32	ND5	594	28
32	ND5	595	32
32	ND5	596	11
32	ND5	597	34
32	ND5	598	31
32	ND5	599	37
32	ND5	600	9
32	ND5	601	31
32	ND5	602	39
32	ND5	603	30
32	ND5	604	39
32	ND5	605	34
32	ND5	606	30
32	ND5	607	33
32	ND5	608	36
32	ND5	609	5
32	ND5	610	5
32	ND5	611	10
32	ND5	612	20
32	ND5	613	9
32	ND5	614	27
32	ND5	615	8
32	ND5	616	21
32	ND5	617	17
32	ND5	618	28
32	ND5	619	11
32	ND5	620	38
32	ND5	621	21
32	ND5	622	21
32	ND5	623	21
32	ND5	624	37
32	ND5	625	38
32	ND5	626	38
32	ND5	627	33
32	ND5	628	4
35	CYTB	1	39
35	CYTB	2	31
35	CYTB	3	35
35	CYTB	4	9
35	CYTB	5	7
35	CYTB	6	39
35	CYTB	7	38
35	CYTB	8	19
35	CYTB	9	8
35	CYTB	10	39
35	CYTB	11	36
35	CYTB	12	20
35	CYTB	13	39
35	CYTB	14	8
35	CYTB	15	27
35	CYTB	16	39
35	CYTB	17	21
35	CYTB	18	30
35	CYTB	19	30
35	CYTB	20	35
35	CYTB	21	39
35	CYTB	22	39
35	CYTB	23	39
35	CYTB	24	20
35	CYTB	25	39
35	CYTB	26	38
35	CYTB	27	39
35	CYTB	28	38
35	CYTB	29	39
35	CYTB	30	14
35	CYTB	31	38
35	CYTB	32	39
35	CYTB	33	39
35	CYTB	34	39
35	CYTB	35	39
35	CYTB	36	39
35	CYTB	37	39
35	CYTB	38	39
35	CYTB	39	36
35	CYTB	40	11
35	CYTB	41	38
35	CYTB	42	39
35	CYTB	43	29
35	CYTB	44	19
35	CYTB	45	39
35	CYTB	46	38
35	CYTB	47	6
35	CYTB	48	39
35	CYTB	49	39
35	CYTB	50	38
35	CYTB	51	38
35	CYTB	52	39
35	CYTB	53	38
35	CYTB	54	39
35	CYTB	55	39
35	CYTB	56	38
35	CYTB	57	9
35	CYTB	58	16
35	CYTB	59	38
35	CYTB	60	7
35	CYTB	61	13
35	CYTB	62	33
35	CYTB	63	39
35	CYTB	64	39
35	CYTB	65	38
35	CYTB	66	39
35	CYTB	67	9
35	CYTB	68	16
35	CYTB	69	38
35	CYTB	70	37
35	CYTB	71	10
35	CYTB	72	38
35	CYTB	73	37
35	CYTB	74	38
35	CYTB	75	37
35	CYTB	76	38
35	CYTB	77	39
35	CYTB	78	38
35	CYTB	79	16
35	CYTB	80	37
35	CYTB	81	39
35	CYTB	82	29
35	CYTB	83	29
35	CYTB	84	38
35	CYTB	85	37
35	CYTB	86	39
35	CYTB	87	39
35	CYTB	88	38
35	CYTB	89	39
35	CYTB	90	30
35	CYTB	91	35
35	CYTB	92	39
35	CYTB	93	31
35	CYTB	94	38
35	CYTB	95	33
35	CYTB	96	28
35	CYTB	97	22
35	CYTB	98	39
35	CYTB	99	14
35	CYTB	100	38
35	CYTB	101	39
35	CYTB	102	38
35	CYTB	103	34
35	CYTB	104	39
35	CYTB	105	39
35	CYTB	106	38
35	CYTB	107	39
35	CYTB	108	10
35	CYTB	109	15
35	CYTB	110	11
35	CYTB	111	3
35	CYTB	112	34
35	CYTB	113	39
35	CYTB	114	39
35	CYTB	115	38
35	CYTB	116	37
35	CYTB	117	39
35	CYTB	118	22
35	CYTB	119	27
35	CYTB	120	37
35	CYTB	121	39
35	CYTB	122	15
35	CYTB	123	11
35	CYTB	124	15
35	CYTB	125	39
35	CYTB	126	33
35	CYTB	127	38
35	CYTB	128	39
35	CYTB	129	39
35	CYTB	130	32
35	CYTB	131	39
35	CYTB	132	39
35	CYTB	133	39
35	CYTB	134	39
35	CYTB	135	39
35	CYTB	136	39
35	CYTB	137	39
35	CYTB	138	39
35	CYTB	139	39
35	CYTB	140	39
35	CYTB	141	39
35	CYTB	142	39
35	CYTB	143	38
35	CYTB	144	39
35	CYTB	145	39
35	CYTB	146	39
35	CYTB	147	39
35	CYTB	148	39
35	CYTB	149	39
35	CYTB	150	39
35	CYTB	151	37
35	CYTB	152	38
35	CYTB	153	39
35	CYTB	154	33
35	CYTB	155	39
35	CYTB	156	39
35	CYTB	157	32
35	CYTB	158	39
35	CYTB	159	31
35	CYTB	160	14
35	CYTB	161	38
35	CYTB	162	39
35	CYTB	163	15
35	CYTB	164	39
35	CYTB	165	27
35	CYTB	166	38
35	CYTB	167	39
35	CYTB	168	38
35	CYTB	169	8
35	CYTB	170	36
35	CYTB	171	37
35	CYTB	172	37
35	CYTB	173	7
35	CYTB	174	10
35	CYTB	175	39
35	CYTB	176	39
35	CYTB	177	37
35	CYTB	178	39
35	CYTB	179	39
35	CYTB	180	38
35	CYTB	181	11
35	CYTB	182	31
35	CYTB	183	39
35	CYTB	184	39
35	CYTB	185	33
35	CYTB	186	37
35	CYTB	187	39
35	CYTB	188	39
35	CYTB	189	29
35	CYTB	190	32
35	CYTB	191	13
35	CYTB	192	36
35	CYTB	193	32
35	CYTB	194	18
35	CYTB	195	8
35	CYTB	196	8
35	CYTB	197	39
35	CYTB	198	39
35	CYTB	199	33
35	CYTB	200	39
35	CYTB	201	39
35	CYTB	202	39
35	CYTB	203	38
35	CYTB	204	36
35	CYTB	205	39
35	CYTB	206	39
35	CYTB	207	37
35	CYTB	208	39
35	CYTB	209	39
35	CYTB	210	10
35	CYTB	211	39
35	CYTB	212	29
35	CYTB	213	7
35	CYTB	214	37
35	CYTB	215	6
35	CYTB	216	17
35	CYTB	217	39
35	CYTB	218	39
35	CYTB	219	37
35	CYTB	220	7
35	CYTB	221	39
35	CYTB	222	39
35	CYTB	223	39
35	CYTB	224	39
35	CYTB	225	33
35	CYTB	226	34
35	CYTB	227	28
35	CYTB	228	39
35	CYTB	229	39
35	CYTB	230	3
35	CYTB	231	36
35	CYTB	232	39
35	CYTB	233	16
35	CYTB	234	21
35	CYTB	235	24
35	CYTB	236	6
35	CYTB	237	18
35	CYTB	238	29
35	CYTB	239	2
35	CYTB	240	37
35	CYTB	241	17
35	CYTB	242	16
35	CYTB	243	39
35	CYTB	244	13
35	CYTB	245	38
35	CYTB	246	34
35	CYTB	247	25
35	CYTB	248	39
35	CYTB	249	32
35	CYTB	250	35
35	CYTB	251	39
35	CYTB	252	34
35	CYTB	253	39
35	CYTB	254	39
35	CYTB	255	35
35	CYTB	256	39
35	CYTB	257	33
35	CYTB	258	31
35	CYTB	259	7
35	CYTB	260	38
35	CYTB	261	35
35	CYTB	262	38
35	CYTB	263	38
35	CYTB	264	18
35	CYTB	265	39
35	CYTB	266	39
35	CYTB	267	34
35	CYTB	268	39
35	CYTB	269	39
35	CYTB	270	38
35	CYTB	271	39
35	CYTB	272	39
35	CYTB	273	39
35	CYTB	274	39
35	CYTB	275	39
35	CYTB	276	39
35	CYTB	277	38
35	CYTB	278	38
35	CYTB	279	39
35	CYTB	280	5
35	CYTB	281	39
35	CYTB	282	39
35	CYTB	283	39
35	CYTB	284	39
35	CYTB	285	9
35	CYTB	286	38
35	CYTB	287	39
35	CYTB	288	39
35	CYTB	289	39
35	CYTB	290	39
35	CYTB	291	39
35	CYTB	292	39
35	CYTB	293	35
35	CYTB	294	39
35	CYTB	295	38
35	CYTB	296	11
35	CYTB	297	26
35	CYTB	298	39
35	CYTB	299	38
35	CYTB	300	37
35	CYTB	301	31
35	CYTB	302	39
35	CYTB	303	23
35	CYTB	304	3
35	CYTB	305	25
35	CYTB	306	39
35	CYTB	307	5
35	CYTB	308	37
35	CYTB	309	38
35	CYTB	310	6
35	CYTB	311	36
35	CYTB	312	37
35	CYTB	313	36
35	CYTB	314	11
35	CYTB	315	32
35	CYTB	316	30
35	CYTB	317	29
35	CYTB	318	37
35	CYTB	319	38
35	CYTB	320	39
35	CYTB	321	24
35	CYTB	322	32
35	CYTB	323	39
35	CYTB	324	1
35	CYTB	325	31
35	CYTB	326	9
35	CYTB	327	39
35	CYTB	328	16
35	CYTB	329	38
35	CYTB	330	5
35	CYTB	331	29
35	CYTB	332	29
35	CYTB	333	35
35	CYTB	334	32
35	CYTB	335	10
35	CYTB	336	39
35	CYTB	337	39
35	CYTB	338	39
35	CYTB	339	39
35	CYTB	340	39
35	CYTB	341	33
35	CYTB	342	36
35	CYTB	343	39
35	CYTB	344	39
35	CYTB	345	7
35	CYTB	346	10
35	CYTB	347	39
35	CYTB	348	27
35	CYTB	349	3
35	CYTB	350	22
35	CYTB	351	36
35	CYTB	352	38
35	CYTB	353	39
35	CYTB	354	13
35	CYTB	355	38
35	CYTB	356	38
35	CYTB	357	10
35	CYTB	358	26
35	CYTB	359	39
35	CYTB	360	39
35	CYTB	361	12
35	CYTB	362	12
35	CYTB	363	31
35	CYTB	364	35
35	CYTB	365	19
35	CYTB	366	31
35	CYTB	367	31
35	CYTB	368	38
35	CYTB	369	5
35	CYTB	370	4
35	CYTB	371	20
35	CYTB	372	19
35	CYTB	373	26
35	CYTB	374	38
35	CYTB	375	37
35	CYTB	376	21
35	CYTB	377	14
35	CYTB	378	33
35	CYTB	379	38
35	CYTB	380	38
35	CYTB	381	33
35	CYTB	382	34
35	CYTB	383	3
35	CYTB	384	37
35	CYTB	385	38
35	CYTB	386	38
35	CYTB	387	38
35	CYTB	388	38
